Tempo acelerômetro (s);Acelerômetro X (m/s²);Acelerômetro Y (m/s²);Acelerômetro Z (m/s²);Tempo giroscópio (s);Giroscópio X (rad/s);Giroscópio Y (rad/s);Giroscópio Z (rad/s);gesto
13.69785486;1.244267821;0.5359922647;10.40877819;13.70584752;0.05345066637;-0.0478001684;-0.02886336111;5
13.69995653;1.268195987;0.5072783828;10.40399265;13.70794913;0.05467239767;-0.05635227636;-0.0374154672;5
13.70205814;1.277767301;0.5024927258;10.37527943;13.7100508;0.0497854799;-0.06856957078;-0.04718930274;5
13.70415981;1.292124271;0.4737788737;10.34177971;13.71215241;0.04734202102;-0.07834340632;-0.05696314201;5
13.70626147;1.330409408;0.4689932466;10.28913784;13.71425408;0.03878991306;-0.09300415963;-0.06673697382;5
13.70836309;1.363908887;0.4929214716;10.22692394;13.71635569;0.03268126398;-0.1052214578;-0.07651081681;5
13.71046476;1.402194023;0.4737788737;10.22692394;13.71845736;0.02779434808;-0.1174387559;-0.08872810751;5
13.71256637;1.421336651;0.4833501875;10.17428207;13.72055897;0.01802051067;-0.1259908676;-0.102167137;5
13.71466804;1.45483613;0.4689932466;10.17428207;13.72266064;0.01191186346;-0.1333212405;-0.1119409725;5
13.71676965;1.478764415;0.4737788737;10.13121128;13.72476226;0.005803215317;-0.1369864196;-0.1241582632;5
13.71887132;1.521835208;0.4881358147;10.11206818;13.72686392;0.0009162971983;-0.1394298822;-0.1363755614;5
13.72097293;1.545763373;0.4833501875;10.11206818;13.72896559;-0.002748891478;-0.1418733448;-0.1461493969;5
13.7230746;1.540977836;0.5072783828;10.11685371;13.7310672;-0.007635809947;-0.1382081509;-0.1547015011;5
13.72517621;1.564906001;0.5216353536;10.14078236;13.73316887;-0.008857538924;-0.1320995092;-0.1644753367;5
13.72727788;1.555334687;0.5407779217;10.14556789;13.73527049;-0.005192350596;-0.1259908676;-0.1718057245;5
13.72937955;1.540977836;0.5455635786;10.16949654;13.7373721;-0.002748891478;-0.1174387559;-0.1791360974;5
13.73148116;1.521835208;0.5647061467;10.2029953;13.73947377;0.002138026757;-0.1039997265;-0.1828012913;5
13.73358283;1.478764415;0.5838487148;10.25563812;13.74157543;0.008246674202;-0.09056070447;-0.1876882017;5
13.73568444;1.426122308;0.5934200287;10.30827999;13.74367705;0.01557705179;-0.07223475724;-0.1913533956;5
13.73778606;1.387837172;0.6125625968;10.36092186;13.74577871;0.02657261863;-0.06001746282;-0.1962403059;5
13.73988772;1.349551916;0.6364908218;10.43749237;13.74788033;0.03756818548;-0.04413498193;-0.1974620372;5
13.74198939;1.296909928;0.6317051649;10.52841949;13.749982;0.0485637486;-0.03191768378;-0.1986837685;5
13.74409101;1.292124271;0.650847733;10.60977554;13.75208361;0.05833758786;-0.0209221188;-0.2011272311;5
13.74619267;1.244267821;0.6652047038;10.67677498;13.75418528;0.07177661359;-0.01114828233;-0.2035706937;5
13.74829429;1.21555388;0.6843472719;10.68634605;13.75628689;0.08277218044;-0.005039634649;-0.2047924101;5
13.75039595;1.186840057;0.6699903607;10.71506023;13.75838856;0.08888082206;-0.0001527161949;-0.2072358727;5
13.75249757;1.177268744;0.6699903607;10.71027374;13.76049017;0.09743293375;0.002290742937;-0.2109010667;5
13.75459924;1.153340459;0.679561615;10.71506023;13.76259184;0.1047633067;0.002290742937;-0.2133445293;5
13.75670085;1.148554921;0.6843472719;10.71027374;13.76469351;0.1096502244;0.00351247238;-0.215787977;5
13.75880252;1.13419795;0.6699903607;10.68634605;13.76679512;0.1120936871;-0.0001527161949;-0.2170097083;5
13.76090413;1.143769264;0.6604190469;10.65284634;13.76889674;0.1145371497;-0.002596175298;-0.2194531709;5
13.7630058;1.11984098;0.6604190469;10.65763187;13.7709984;0.1194240674;-0.01114828233;-0.2206749022;5
13.76510746;1.11984098;0.6652047038;10.66241741;13.77310002;0.1169806048;-0.02336557768;-0.2218966335;5
13.76720908;1.115055323;0.6699903607;10.6480608;13.77520168;0.1133154184;-0.03191768378;-0.2218966335;5
13.76931069;1.11984098;0.6843472719;10.63848972;13.77730335;0.1133154184;-0.0478001684;-0.2255618125;5
13.77141236;1.143769264;0.6843472719;10.60020447;13.77940496;0.1133154184;-0.06123919412;-0.2280052751;5
13.77351397;1.148554921;0.679561615;10.57627583;13.78150663;0.1096502244;-0.07345648855;-0.235335663;5
13.77561564;1.196411371;0.679561615;10.57627583;13.78360825;0.1108719558;-0.08811724186;-0.239000842;5
13.77771731;1.234696507;0.6652047038;10.57627583;13.78570991;0.1084285006;-0.0991128087;-0.2463312149;5
13.77981892;1.292124271;0.6604190469;10.57149029;13.78781153;0.1072067693;-0.1088866442;-0.2524398565;5
13.78192059;1.325623751;0.6460621357;10.61934662;13.78991319;0.1072067693;-0.1198822111;-0.262213707;5
13.7840222;1.363908887;0.650847733;10.66241741;13.79201486;0.1084285006;-0.1308777779;-0.2695440948;5
13.78612387;1.383051515;0.6364908218;10.71027374;13.79411647;0.1120936871;-0.1430950761;-0.2793179154;5
13.78822549;1.402194023;0.6317051649;10.76291656;13.79621814;0.1120936871;-0.1540906429;-0.2890917659;5
13.79032715;1.435693622;0.6173482537;10.82512951;13.79831976;0.1169806048;-0.1699731201;-0.2976438701;5
13.79242882;1.459621787;0.5886343718;10.89691448;13.80042142;0.1230892539;-0.1870773435;-0.3074176908;5
13.79453043;1.473978758;0.5742774606;10.92084217;13.80252304;0.1279761642;-0.200516358;-0.3171915412;5
13.7966321;1.464407444;0.5503492355;10.96391296;13.8046247;0.1389717311;-0.2102901936;-0.3257436454;5
13.79873371;1.473978758;0.5120640397;11.00698376;13.80672632;0.142636925;-0.220064044;-0.3342957497;5
13.80083538;1.435693622;0.4881358147;11.05005455;13.80882798;0.1536324918;-0.2261726856;-0.3416261375;5
13.802937;1.402194023;0.4929214716;11.07876873;13.81092965;0.1609628648;-0.2310595959;-0.3477347791;5
13.80503866;1.35912323;0.5024927258;11.08833981;13.81303127;0.169514969;-0.2322813272;-0.3513999581;5
13.80714028;1.325623751;0.5312066078;11.10269737;13.81513288;0.1780670881;-0.2335030586;-0.3562868834;5
13.80924194;1.277767301;0.5694918036;11.10269737;13.81723455;0.189062655;-0.2347247899;-0.358730346;5
13.81134361;1.225125194;0.6317051649;11.08833981;13.81933621;0.1976147592;-0.2298378795;-0.3575085998;5
13.81344522;1.153340459;0.6699903607;11.08833981;13.82143783;0.2098320574;-0.2273944169;-0.3562868834;5
13.81554684;1.076770186;0.7417750359;11.07876873;13.8235395;0.2171624303;-0.2273944169;-0.3526217043;5
13.81764851;1.014556766;0.7992027402;11.07876873;13.82564111;0.2244928032;-0.2261726856;-0.3465130329;5
13.81975017;0.9188438654;0.8327022791;11.03569794;13.82774278;0.2306014597;-0.223729223;-0.3391826749;5
13.82185179;0.8183453679;0.8566305041;10.97827053;13.82984439;0.239153564;-0.2225074917;-0.3294088244;5
13.82395345;0.7226324677;0.9140582681;10.94955635;13.83194606;0.2440404743;-0.2225074917;-0.3208567202;5
13.82605507;0.6412764788;0.9619147182;10.87777138;13.83404772;0.2477056682;-0.2249509543;-0.3110828996;5
13.82815674;0.5742774606;1.000199914;10.82991505;13.83614934;0.2525925934;-0.223729223;-0.3037525117;5
13.83025835;0.5455635786;1.03848505;10.8107729;13.83825101;0.2562577724;-0.2273944169;-0.2927569449;5
13.83236002;0.5024927258;1.067198873;10.77248764;13.84035262;0.2562577724;-0.2249509543;-0.2854265571;5
13.83446168;0.4833501875;1.110269666;10.71506023;13.84245429;0.2599229515;-0.2225074917;-0.2756527364;5
13.8365633;0.4929214716;1.138983607;10.64327526;13.8445559;0.2623664141;-0.220064044;-0.2683223486;5
13.83866496;0.5024927258;1.186840057;10.59063339;13.84665757;0.2660316229;-0.2139553875;-0.2609919906;5
13.84076658;0.5216353536;1.225125194;10.55234814;13.84875918;0.2709185183;-0.2066250145;-0.2561050653;5
13.84286824;0.5407779217;1.26341033;10.53320503;13.85086085;0.2696968019;-0.200516358;-0.2487746775;5
13.84496986;0.5599204898;1.301695466;10.58106136;13.85296252;0.2684750557;-0.1944077164;-0.239000842;5
13.84707153;0.5982056856;1.330409408;10.60977554;13.85506413;0.2635881603;-0.1907425225;-0.2341139317;5
13.84917314;0.5551348329;1.306481123;10.41356373;13.8571658;0.2611446977;-0.1870773435;-0.2304487377;5
13.85127481;0.5312066078;1.253839016;10.2221384;13.85926741;0.2587012351;-0.1834121495;-0.2304487377;5
13.85337647;0.5886343718;1.210768223;10.21256733;13.86136908;0.2611446977;-0.1809686869;-0.2377791107;5
13.85547809;0.7130611539;1.16769743;10.23170948;13.86347069;0.2599229515;-0.1711948514;-0.2463312149;5
13.85757976;0.8614161611;1.153340459;10.24128056;13.86557231;0.2611446977;-0.1614210159;-0.2597702444;5
13.85968137;1.019342422;1.148554921;10.2221384;13.86767397;0.2611446977;-0.1528689116;-0.2719875574;5
13.86178304;1.162911773;1.115055323;10.24128056;13.86977559;0.2660316229;-0.1443168074;-0.2866483033;5
13.86388465;1.272981644;1.091127157;10.28913784;13.87187726;0.2709185183;-0.1394298822;-0.3013090491;5
13.86598627;1.344766378;1.057627559;10.31785107;13.87397892;0.2745837271;-0.1345429718;-0.315969795;5
13.86808793;1.363908887;1.043270707;10.35135078;13.87608054;0.2770271897;-0.1357647032;-0.3294088244;5
13.87018955;1.339980721;1.009771109;10.36092186;13.8781822;0.2806923687;-0.1394298822;-0.3416261375;5
13.87229121;1.316052437;1.004985452;10.37049294;13.88028382;0.2806923687;-0.14676027;-0.3575085998;5
13.87439288;1.306481123;0.9571290612;10.36092186;13.88238548;0.285579294;-0.1577558219;-0.3721693754;5
13.8764945;1.292124271;0.9379864931;10.37049294;13.8844871;0.2868010104;-0.1699731201;-0.3843866587;5
13.87859616;1.26341033;0.8949156404;10.3848505;13.88658877;0.2868010104;-0.1858556122;-0.3966039717;5
13.88069778;1.234696507;0.8853443861;10.3848505;13.88869038;0.2880227566;-0.2017380893;-0.405156076;5
13.88279944;1.196411371;0.9044869542;10.38006496;13.89079205;0.285579294;-0.2212857604;-0.4137081802;5
13.88490106;1.11984098;0.9619147182;10.36092186;13.89289371;0.2843575478;-0.2371682525;-0.4222602844;5
13.88700272;1.043270707;1.033699393;10.34177971;13.89499533;0.2806923687;-0.2542724609;-0.4320341051;5
13.88910434;0.9714859724;1.067198873;10.3226366;13.897097;0.2770271897;-0.2725984156;-0.4418079555;5
13.89120601;0.9236295223;1.091127157;10.28913784;13.89919861;0.2709185183;-0.2897026241;-0.4479165971;5
13.89330767;0.8853443861;1.143769264;10.24128056;13.90130028;0.2611446977;-0.3153589368;-0.455246985;5
13.89540929;0.8709874153;1.172483087;10.25085258;13.90340189;0.255036056;-0.3434587121;-0.4613556266;5
13.89751095;0.8087740541;1.239482164;10.17906761;13.90550356;0.2477056682;-0.3727802336;-0.4686860144;5
13.89961257;0.7752745152;1.26341033;10.11685371;13.90760517;0.2415970266;-0.4033234715;-0.4760163724;5
13.90171424;0.8087740541;1.244267821;10.09771156;13.90970684;0.2354883701;-0.4314232469;-0.4857902229;5
13.90381585;0.8279166222;1.196411371;10.12642574;13.91180845;0.2269362658;-0.4546361268;-0.4943423271;5
13.90591752;0.8518448472;1.148554921;10.14556789;13.91391012;0.2220493406;-0.4741837978;-0.5016726851;5
13.90801913;0.8327022791;1.110269666;10.15035343;13.91601179;0.215940699;-0.4949531853;-0.5077813268;5
13.9101208;0.7800601721;1.110269666;10.07856941;13.9181134;0.2134972364;-0.5120574236;-0.5102248192;5
13.91222241;0.7178468108;1.138983607;10.05464077;13.92021507;0.2122755051;-0.5242747068;-0.5114465356;5
13.91432408;0.6412764788;1.1820544;10.07856941;13.92231668;0.2061668634;-0.5364919901;-0.5077813268;5
13.91642575;0.5503492355;1.244267821;10.12164021;13.92441835;0.2037234008;-0.5487092733;-0.5016726851;5
13.91852736;0.4450650215;1.316052437;10.15035343;13.92651996;0.2012799382;-0.5597048402;-0.4918988645;5
13.92062903;0.2823530734;1.378265858;10.15513897;13.92862163;0.2049451321;-0.5682569742;-0.4796815813;5
13.92273064;0.1148554832;1.426122308;10.11206818;13.93072325;0.2073885947;-0.5755873322;-0.4699077308;5
13.92483231;0.004785645287;1.45483613;10.13599682;13.93282491;0.2122755051;-0.5829176903;-0.4601338804;5
13.92693392;-0.009571290575;1.440479279;10.17428207;13.93492653;0.2147189677;-0.5853611827;-0.4515817761;5
13.92903559;-0.02871387079;1.464407444;10.19820976;13.93702819;0.2183841616;-0.5841394663;-0.4418079555;5
13.9311372;-0.03349951655;1.483550072;10.20778179;13.93912986;0.2208276242;-0.5829176903;-0.4332558513;5
13.93323887;-0.05264209956;1.521835208;10.15513897;13.94123147;0.2232710719;-0.5792525411;-0.4210385382;5
13.93534049;-0.06221338734;1.579262972;10.03071213;13.94333314;0.2244928032;-0.5768090487;-0.4100429714;5
13.93744215;-0.0765703246;1.622333765;9.944570541;13.94543476;0.2208276242;-0.5755873322;-0.3978256881;5
13.93954382;-0.0765703246;1.655833244;9.872786522;13.94753642;0.2183841616;-0.5755873322;-0.3831649423;5
13.94164543;-0.07178468257;1.689332843;9.84885788;13.94963804;0.2134972364;-0.570700407;-0.3660607338;5
13.9437471;-0.1004985496;1.761117458;9.796216011;13.9517397;0.2098320574;-0.5645917654;-0.3489564955;5
13.94584871;-0.1866401732;1.804188251;9.643074989;13.95384132;0.2049451321;-0.5645917654;-0.3330740333;5
13.94795038;-0.2201396823;1.808973908;9.523433685;13.95594298;0.2049451321;-0.5658134818;-0.3171915412;5
13.950052;-0.2249253243;1.780260086;9.475577354;13.95804465;0.2012799382;-0.5658134818;-0.3025307953;5
13.95215366;-0.1914258152;1.727617979;9.518648148;13.96014627;0.1976147592;-0.5670352578;-0.2915352285;5
13.95425528;-0.1387837082;1.670190215;9.537791252;13.96224793;0.1951712966;-0.5645917654;-0.2768744528;5
13.95635694;-0.08614161611;1.612762451;9.547362328;13.96434955;0.1915061027;-0.5645917654;-0.262213707;5
13.95845861;-0.05264209956;1.617548108;9.504291534;13.96645121;0.192727834;-0.5584831238;-0.2438877672;5
13.96056022;-0.01914258115;1.651047587;9.451649666;13.96855283;0.1878409237;-0.554817915;-0.2267835438;5
13.96266189;0.0143569354;1.689332843;9.408578873;13.9706545;0.1817322671;-0.5535961986;-0.2072358727;5
13.96476351;-0.06221338734;1.722832322;9.332008362;13.97275611;0.1756236255;-0.5499309897;-0.1913533956;5
13.96686517;-0.06221338734;1.761117458;9.217152596;13.97485778;0.1731801629;-0.5474875569;-0.1779143661;5
13.96896679;-0.01914258115;1.703689694;9.150154114;13.97695939;0.1719584316;-0.5426006317;-0.1669187993;5
13.97106845;0.08135596663;1.641476393;9.164510727;13.97906106;0.1707367003;-0.5340485573;-0.1608101577;5
13.97317007;0.1962114573;1.574477315;9.212367058;13.98116272;0.169514969;-0.5230529904;-0.1571449637;5
13.97527174;0.3445664644;1.50269258;9.198010445;13.98326434;0.1682932526;-0.505948782;-0.1559232324;5
13.97737335;0.4929214716;1.464407444;9.17886734;13.98536601;0.1670715213;-0.4876227975;-0.1571449637;5
13.97947502;0.6556333899;1.411765337;9.111868858;13.98746762;0.1670715213;-0.463188231;-0.1644753367;5
13.98157668;0.7800601721;1.378265858;9.068798065;13.98956929;0.1682932526;-0.4387536347;-0.1742491722;5
13.9836783;0.9236295223;1.320838094;8.992227554;13.9916709;0.1670715213;-0.4106538594;-0.1876882017;5
13.98577996;1.062413216;1.26341033;8.934800148;13.99377257;0.169514969;-0.3874409795;-0.2047924101;5
13.98788158;1.234696507;1.205982566;8.886942863;13.99587418;0.1719584316;-0.3654498458;-0.2255618125;5
13.98998325;1.421336651;1.153340459;8.84387207;13.99797585;0.1744018942;-0.3446804583;-0.2487746775;5
13.99208486;1.588834286;1.100698471;8.815158844;14.00007746;0.1780670881;-0.3251327872;-0.2744309902;5
13.99418653;1.756331801;1.071984529;8.805587769;14.00217913;0.1805105358;-0.3092502952;-0.3000873327;5
13.99628814;1.899901152;1.052842021;8.805587769;14.00428074;0.1768453568;-0.2945895493;-0.3245218992;5
13.99838981;2.067398787;0.9954141974;8.886942863;14.00638241;0.1682932526;-0.2848156989;-0.3477347791;5
14.00049142;2.053041935;0.9332008362;8.762516975;14.00848408;0.1609628648;-0.270154953;-0.3721693754;5
14.00259309;1.976471543;0.8805587292;8.523234367;14.01058569;0.1499672979;-0.25793764;-0.3941605091;5
14.0046947;1.909472466;0.8566305041;8.341380119;14.01268731;0.142636925;-0.246942088;-0.4173733592;5
14.00679637;1.856830359;0.8422735929;8.255238533;14.01478897;0.1316413581;-0.2322813272;-0.4393644929;5
14.00889804;1.823330879;0.8566305041;8.255238533;14.01689064;0.1230892539;-0.2212857604;-0.458912164;5
14.01099965;1.780260086;0.890130043;8.283951759;14.01899226;0.1157588735;-0.2066250145;-0.4784598351;5
14.01310127;1.722832322;0.9379864931;8.322237015;14.02109392;0.1096502244;-0.1956294477;-0.4955640435;5
14.01520293;1.665404558;0.9667003751;8.36052227;14.02319559;0.105985038;-0.1846338809;-0.5090031028;5
14.0173046;1.560120344;0.9762716293;8.408378601;14.0252972;0.1072067693;-0.1724165827;-0.5199986696;5
14.01940621;1.40697968;0.9954141974;8.456234932;14.02739882;0.105985038;-0.1626427472;-0.5273290277;5
14.02150788;1.225125194;1.019342422;8.556734085;14.02950049;0.1084285006;-0.1516471803;-0.5322159529;5
14.02360955;1.052842021;1.052842021;8.647661209;14.0316021;0.1120936871;-0.1406516135;-0.5334376693;5
14.02571116;0.8709874153;1.105484009;8.743373871;14.03370377;0.1169806048;-0.1357647032;-0.5322159529;5
14.02781278;0.70348984;1.143769264;8.810373306;14.03580543;0.1206457913;-0.1284343153;-0.5285507441;5
14.02991444;0.5024927258;1.210768223;8.815158844;14.03790705;0.1255327165;-0.1247691289;-0.5248855352;5
14.03201606;0.3684946895;1.225125194;8.819944382;14.04000871;0.1316413581;-0.1247691289;-0.5199986696;5
14.03411772;0.2392822653;1.244267821;8.896514893;14.04211038;0.1414151937;-0.1284343153;-0.5151117444;5
14.03621939;0.1579262912;1.244267821;9.040083885;14.044212;0.1536324918;-0.1259908676;-0.5077813268;5
14.03832101;0.07178468257;1.249053478;9.140582085;14.04631361;0.1609628648;-0.1284343153;-0.5004509687;5
14.04042267;-0.05742774159;1.234696507;9.20758152;14.04841528;0.169514969;-0.1247691289;-0.4906771481;5
14.04252434;-0.1914258152;1.225125194;9.241081238;14.05051694;0.1817322671;-0.1247691289;-0.4809032977;5
14.04462595;-0.3445664644;1.239482164;9.279366493;14.05261856;0.192727834;-0.1247691289;-0.4686860144;5
14.04672757;-0.4594219327;1.26341033;9.279366493;14.05472022;0.2000582218;-0.1284343153;-0.4576904476;5
14.04882924;-0.5551348329;1.301695466;9.279366493;14.05682184;0.2110537887;-0.1320995092;-0.4479165971;5
14.0509309;-0.6412764788;1.349551916;9.274580956;14.05892345;0.2196058929;-0.1394298822;-0.4344775677;5
14.05303252;-0.5886343718;1.416550994;9.241081238;14.06102512;0.2244928032;-0.1430950761;-0.4210385382;5
14.05513418;-0.5647061467;1.473978758;9.217152596;14.06312679;0.2269362658;-0.150425449;-0.408821255;5
14.0572358;-0.6125625968;1.517049551;9.126225471;14.0652284;0.2293797284;-0.150425449;-0.3978256881;5
14.05933741;-0.6173482537;1.540977836;9.011369705;14.06733007;0.2306014597;-0.1492037177;-0.3856084049;5
14.06143908;-0.6077769399;1.55054903;8.882157326;14.06943168;0.2269362658;-0.1528689116;-0.3758345544;5
14.06354075;-0.6412764788;1.531406522;8.738588333;14.07153335;0.2257145345;-0.1565341055;-0.3685041666;5
14.06564236;-0.6556333899;1.50269258;8.657232285;14.07363502;0.2196058929;-0.1601992846;-0.362395525;5
14.06774403;-0.6317051649;1.473978758;8.547162056;14.07573663;0.2110537887;-0.1650862098;-0.3562868834;5
14.06984564;-0.6173482537;1.488335729;8.422736168;14.07783824;0.1963930279;-0.1614210159;-0.3538434207;5
14.07194731;-0.5790630579;1.488335729;8.312665939;14.07993991;0.1817322671;-0.1553123742;-0.3526217043;5
14.07404897;-0.5216353536;1.497906923;8.21216774;14.08204158;0.169514969;-0.1479819864;-0.3501782417;5
14.07615059;-0.4689932466;1.536192179;8.011170387;14.08414319;0.1548542231;-0.1479819864;-0.3489564955;5
14.0782522;-0.4211367965;1.569691658;7.858029366;14.08624481;0.1377500147;-0.1492037177;-0.3465130329;5
14.08035387;-0.4163511395;1.574477315;7.791030407;14.08834647;0.1169806048;-0.1553123742;-0.3489564955;5
14.08245554;-0.3972085714;1.560120344;7.771887779;14.09044814;0.09743293375;-0.1614210159;-0.3526217043;5
14.08455715;-0.3972085714;1.593619823;7.690532207;14.09254981;0.07666353136;-0.1638644785;-0.358730346;5
14.08665877;-0.3589234054;1.59840548;7.618747234;14.09465142;0.05467239767;-0.1626427472;-0.3648389876;5
14.08876043;-0.2727817893;1.560120344;7.566105366;14.09675304;0.03268126398;-0.1663079411;-0.3758345544;5
14.0908621;-0.2105683982;1.540977836;7.508677483;14.0988547;0.01191186346;-0.1711948514;-0.3856084049;5
14.09296377;-0.1579262912;1.526620865;7.436892986;14.10095637;-0.0100792693;-0.1821904182;-0.3966039717;5
14.09506538;-0.1100698411;1.512263894;7.446464062;14.10305799;-0.02962694131;-0.1895207912;-0.408821255;5
14.097167;-0.1196411327;1.512263894;7.503891945;14.10515965;-0.04795288667;-0.1931859851;-0.4185950756;5
14.09926866;-0.1435693651;1.464407444;7.52782011;14.10726127;-0.06750056148;-0.1919642538;-0.4271472096;5
14.10137033;-0.2153540403;1.440479279;7.503891945;14.10936293;-0.08582650125;-0.196851179;-0.4356993139;5
14.10347194;-0.2679961324;1.416550994;7.489534855;14.11146455;-0.09926552325;-0.2078467458;-0.4430296719;5
14.10557361;-0.3302095234;1.402194023;7.575676441;14.11356621;-0.1102610901;-0.2188423127;-0.4479165971;5
14.10767522;-0.3397808075;1.373480201;7.704888821;14.11566783;-0.127365306;-0.2261726856;-0.4491383433;5
14.10977689;-0.3493520916;1.378265858;7.814958572;14.1177695;-0.1383608729;-0.2322813272;-0.4479165971;5
14.11187851;-0.3924229145;1.421336651;7.905886173;14.11987111;-0.1517999023;-0.2286161482;-0.4442514181;5
14.11398017;-0.5168496966;1.459621787;7.934599876;14.12197278;-0.1603520066;-0.223729223;-0.4369210303;5
14.11608179;-0.6173482537;1.531406522;7.929814339;14.12407439;-0.1640172005;-0.2176205814;-0.4320341051;5
14.11818345;-0.6699903607;1.564906001;7.925028801;14.12617606;-0.1652389169;-0.2139553875;-0.424703747;5
14.12028507;-0.7226324677;1.574477315;8.044670105;14.12827772;-0.1664606482;-0.2054032832;-0.4173733592;5
14.12238674;-0.7274180651;1.545763373;8.197810173;14.13037934;-0.1640172005;-0.1931859851;-0.4112647176;5
14.12448835;-0.7417750359;1.507478237;8.350951195;14.13248101;-0.1603520066;-0.1773035079;-0.405156076;5
14.12659002;-0.7752745152;1.450050473;8.398807526;14.13458262;-0.1517999023;-0.1577558219;-0.3990474045;5
14.12869168;-0.7704889178;1.397408366;8.394021988;14.13668429;-0.1432477981;-0.1394298822;-0.3929387629;5
14.1307933;-0.7704889178;1.373480201;8.432307243;14.1387859;-0.1359174103;-0.1259908676;-0.3868301213;5
14.13289496;-0.7369893789;1.383051515;8.504091263;14.14088757;-0.1285870373;-0.1076649204;-0.3807214797;5
14.13499658;-0.6939185858;1.402194023;8.561519623;14.14298924;-0.1224783882;-0.09300415963;-0.3721693754;5
14.13709824;-0.6699903607;1.402194023;8.561519623;14.14509085;-0.1175914705;-0.07956513762;-0.3648389876;5
14.13919986;-0.6412764788;1.397408366;8.551948547;14.14719246;-0.1151480079;-0.06734783947;-0.3599520624;5
14.14130153;-0.626919508;1.397408366;8.480163574;14.14929418;-0.1151480079;-0.05024362728;-0.3526217043;5
14.14340319;-0.626919508;1.387837172;8.408378601;14.1513958;-0.1163697392;-0.04046979174;-0.3477347791;5
14.14550481;-0.6077769399;1.373480201;8.350951195;14.15349741;-0.1188132018;-0.02458730713;-0.3428478539;5
14.14760642;-0.5694918036;1.330409408;8.283951759;14.15559908;-0.1224783882;-0.01603520103;-0.3379609287;5
14.14970814;-0.5455635786;1.339980721;8.255238533;14.15770069;-0.1285870373;-0.002596175298;-0.3342957497;5
14.15180976;-0.5264210105;1.330409408;8.202595711;14.15980236;-0.1359174103;0.00351247238;-0.3257436454;5
14.15391137;-0.5455635786;1.31126678;8.193024635;14.16190397;-0.1432477981;0.009621120058;-0.3208567202;5
14.15601304;-0.5647061467;1.292124271;8.221738815;14.16400564;-0.150578171;0.01450803876;-0.315969795;5
14.15811465;-0.5934200287;1.306481123;8.255238533;14.16610726;-0.1579085439;0.01695149764;-0.3098611534;5
14.16021632;-0.650847733;1.277767301;8.264809608;14.16820892;-0.1640172005;0.0157297682;-0.3061959743;5
14.16231793;-0.6843472719;1.301695466;8.288737297;14.17031054;-0.1750127524;0.004734201822;-0.3000873327;5
14.1644196;-0.6939185858;1.320838094;8.322237015;14.1724122;-0.1835648715;-0.006261364091;-0.2952004075;5
14.16652121;-0.6652047038;1.320838094;8.33180809;14.17451387;-0.1933387071;-0.0209221188;-0.2890917659;5
14.16862288;-0.6412764788;1.320838094;8.370093346;14.17661549;-0.2031125426;-0.03924806044;-0.281761378;5
14.1707245;-0.6317051649;1.344766378;8.384450912;14.1787171;-0.2165515572;-0.05635227636;-0.2744309902;5
14.17282616;-0.6556333899;1.344766378;8.417949677;14.18081877;-0.2263254076;-0.07223475724;-0.2671006322;5
14.17492783;-0.6891329288;1.335195065;8.408378601;14.18292043;-0.2373209596;-0.08811724186;-0.262213707;5
14.17702944;-0.70348984;1.330409408;8.432307243;14.18502205;-0.2495382577;-0.1027780026;-0.2561050653;5
14.17913106;-0.7178468108;1.320838094;8.441878319;14.18712371;-0.2605338395;-0.113773562;-0.2512181401;5
14.18123272;-0.6939185858;1.277767301;8.48973465;14.18922538;-0.2690859437;-0.1284343153;-0.2475529462;5
14.18333439;-0.6652047038;1.268195987;8.537590981;14.191327;-0.2813032269;-0.1394298822;-0.2438877672;5
14.18543601;-0.6364908218;1.253839016;8.590232849;14.19342866;-0.2861901522;-0.1516471803;-0.2402225733;5
14.18753767;-0.6173482537;1.244267821;8.633303642;14.19553028;-0.29352054;-0.1638644785;-0.2365573794;5
14.18963934;-0.5982056856;1.210768223;8.690732002;14.19763194;-0.300850898;-0.1724165827;-0.2328922004;5
14.19174095;-0.5934200287;1.177268744;8.733802795;14.19973356;-0.3081812859;-0.1834121495;-0.2304487377;5
14.19384262;-0.6125625968;1.153340459;8.791230202;14.20183522;-0.3106247485;-0.1944077164;-0.2292270064;5
14.19594424;-0.6364908218;1.124626637;8.877371788;14.20393684;-0.3094030023;-0.2017380893;-0.2255618125;5
14.1980459;-0.650847733;1.095912814;8.944371223;14.20603851;-0.3130682111;-0.2041815519;-0.2255618125;5
14.20014752;-0.6604190469;1.057627559;9.016156197;14.20814017;-0.3106247485;-0.2054032832;-0.2243400961;5
14.20224918;-0.6604190469;1.014556766;9.054440498;14.21024179;-0.3094030023;-0.2041815519;-0.2243400961;5
14.2043508;-0.650847733;1.009771109;9.087940216;14.2123434;-0.3045161068;-0.1992946416;-0.2231183648;5
14.20645246;-0.6412764788;1.024128079;9.126225471;14.21444507;-0.2996291816;-0.1919642538;-0.2218966335;5
14.20855413;-0.6221339107;1.028913736;9.174081802;14.21654674;-0.29352054;-0.1797469556;-0.2194531709;5
14.21065574;-0.626919508;1.03848505;9.183652878;14.21864835;-0.2874118686;-0.1663079411;-0.2182314396;5
14.21275736;-0.6125625968;1.052842021;9.20758152;14.22075002;-0.2800815105;-0.150425449;-0.215787977;5
14.21485903;-0.5838487148;1.071984529;9.250652313;14.22285163;-0.2678641975;-0.1320995092;-0.2145662606;5
14.21696069;-0.5455635786;1.091127157;9.30807972;14.2249533;-0.2605338395;-0.1088866442;-0.212122798;5
14.21906231;-0.5647061467;1.11984098;9.346364975;14.22705491;-0.250759989;-0.08933897316;-0.212122798;5
14.22116397;-0.5982056856;1.138983607;9.322437286;14.22915658;-0.2409861535;-0.07101303339;-0.2133445293;5
14.22326559;-0.5694918036;1.162911773;9.279366493;14.23125819;-0.2336557806;-0.05635227636;-0.2145662606;5
14.22536726;-0.5264210105;1.115055323;9.2362957;14.23335986;-0.227547124;-0.03436114267;-0.2170097083;5
14.22746887;-0.4833501875;1.057627559;9.255437851;14.23546147;-0.2177732885;-0.009926552884;-0.2218966335;5
14.22957054;-0.4689932466;1.009771109;9.250652313;14.23756314;-0.2104429156;0.01206457894;-0.2243400961;5
14.23167215;-0.4833501875;0.9714859724;9.188439369;14.23966481;-0.2055560052;0.03161225095;-0.2243400961;5
14.23377382;-0.4977070987;0.9762716293;9.126225471;14.24176642;-0.2018908113;0.04505127668;-0.2255618125;5
14.23587543;-0.5024927258;0.9762716293;9.116654396;14.24386809;-0.1970038861;0.0621554926;-0.2255618125;5
14.2379771;-0.5072783828;1.004985452;9.154939651;14.2459697;-0.1896735132;0.0743727833;-0.2231183648;5
14.24007877;-0.5503492355;1.004985452;9.188439369;14.24807137;-0.1872300506;0.08170316368;-0.2182314396;5
14.24218038;-0.6029912829;1.043270707;9.212367058;14.25017298;-0.1798996776;0.09025526792;-0.2133445293;5
14.24428205;-0.6652047038;1.071984529;9.255437851;14.25227465;-0.1762344837;0.0975856483;-0.2060141414;5
14.24638366;-0.7369893789;1.138983607;9.303294182;14.25437627;-0.1725693047;0.1036942974;-0.1974620372;5
14.24848533;-0.7992027402;1.191625714;9.269794464;14.25647793;-0.1689041108;0.1036942974;-0.1901316643;5
14.25058694;-0.8470591903;1.253839016;9.255437851;14.2585796;-0.1689041108;0.1012508348;-0.1828012913;5
14.25268861;-0.8853443861;1.292124271;9.327222824;14.26068121;-0.1652389169;0.09147699922;-0.1779143661;5
14.25479022;-0.94277215;1.35912323;9.38465023;14.26278283;-0.1676823795;0.08414662629;-0.1730274558;5
14.25689189;-0.9188438654;1.392622828;9.332008362;14.2648845;-0.1701258421;0.06582067907;-0.1730274558;5
14.25899356;-0.8949156404;1.387837172;9.284152031;14.26698616;-0.1750127524;0.04871646687;-0.1730274558;5
14.26109517;-0.8470591903;1.363908887;9.265008926;14.26908778;-0.1823431402;0.02916879393;-0.1742491722;5
14.26319679;-0.7992027402;1.306481123;9.20758152;14.27118944;-0.1921169758;0.008399390616;-0.1754709035;5
14.26529845;-0.7465606928;1.26341033;9.169296265;14.27329106;-0.2043342739;-0.01114828233;-0.1766926348;5
14.26740012;-0.708275497;1.205982566;9.102297783;14.27539272;-0.2177732885;-0.03313941509;-0.1779143661;5
14.26950174;-0.6939185858;1.158126116;9.025727272;14.27749434;-0.2324340492;-0.05879573524;-0.18157956;5
14.2716034;-0.6987041831;1.124626637;8.982656479;14.27959601;-0.2495382577;-0.08323032409;-0.1852447391;5
14.27370502;-0.6987041831;1.095912814;8.939585686;14.28169767;-0.2654207349;-0.1101083755;-0.1913533956;5
14.27580668;-0.6556333899;1.043270707;8.886942863;14.28379929;-0.2825249732;-0.1345429718;-0.2023489624;5
14.2779083;-0.5647061467;1.024128079;8.867800713;14.28590095;-0.2959639728;-0.1577558219;-0.2145662606;5
14.28000996;-0.4833501875;1.004985452;8.910871506;14.28800257;-0.3081812859;-0.1773035079;-0.2267835438;5
14.28211163;-0.4163511395;0.9714859724;8.97308445;14.29010424;-0.3191768527;-0.1931859851;-0.2402225733;5
14.28421324;-0.3541377485;0.9858429432;9.049654961;14.29220585;-0.3289506733;-0.2066250145;-0.2561050653;5
14.28631491;-0.3206382394;0.9762716293;9.068798065;14.29430746;-0.3375027776;-0.2225074917;-0.2683223486;5
14.28841653;-0.2775674164;0.9619147182;9.126225471;14.29640913;-0.3399462402;-0.2359465212;-0.281761378;5
14.29051819;-0.2536391914;0.9667003751;9.183652878;14.2985108;-0.343611449;-0.2481638193;-0.2952004075;5
14.29261981;-0.2201396823;0.9714859724;9.2362957;14.30061241;-0.3460549116;-0.2567159235;-0.3049742281;5
14.29472142;-0.2392822653;0.9523434043;9.351150513;14.30271408;-0.343611449;-0.2640463114;-0.3135263622;5
14.29682309;-0.2919243574;0.9379864931;9.41336441;14.30481574;-0.3423897028;-0.266489774;-0.3208567202;5
14.29892476;-0.3158525825;0.9523434043;9.418149948;14.30691736;-0.3399462402;-0.2677114904;-0.328187108;5
14.30102637;-0.3302095234;0.9332008362;9.461220741;14.30901903;-0.3338375986;-0.2640463114;-0.3330740333;5
14.30312804;-0.3493520916;0.9379864931;9.509077072;14.31112064;-0.331394136;-0.2567159235;-0.3367392123;5
14.3052297;-0.4163511395;0.9332008362;9.580862045;14.31322231;-0.3252854943;-0.2432768941;-0.3367392123;5
14.30733132;-0.4977070987;0.9523434043;9.595218658;14.31532392;-0.3203985691;-0.2335030586;-0.3342957497;5
14.30943298;-0.626919508;0.9667003751;9.561718941;14.31742559;-0.3155116439;-0.2188423127;-0.3318522871;5
14.3115346;-0.7369893789;1.000199914;9.556933403;14.3195272;-0.3081812859;-0.2029598206;-0.3245218992;5
14.31363627;-0.8470591903;1.043270707;9.57129097;14.32162887;-0.3032943606;-0.1870773435;-0.3171915412;5
14.31573788;-0.9332008362;1.091127157;9.595218658;14.32373048;-0.2922987938;-0.1711948514;-0.308639437;5
14.31783955;-0.9858429432;1.143769264;9.614361763;14.32583215;-0.284968406;-0.1528689116;-0.2988655865;5
14.31994116;-1.052842021;1.191625714;9.604789734;14.32793382;-0.2764163017;-0.1369864196;-0.2890917659;5
14.32204283;-1.0863415;1.196411371;9.585647583;14.33003543;-0.2678641975;-0.113773562;-0.2805396616;5
14.32414444;-1.115055323;1.239482164;9.566504478;14.33213705;-0.2605338395;-0.09544762224;-0.2707658112;5
14.32624611;-1.11984098;1.272981644;9.537791252;14.33423871;-0.254425168;-0.07589995116;-0.262213707;5
14.32834778;-1.129412293;1.287338614;9.504291534;14.33634038;-0.2519817352;-0.05513054505;-0.2524398565;5
14.33044939;-1.138983607;1.287338614;9.44207859;14.338442;-0.2483165264;-0.03558287397;-0.2475529462;5
14.33255101;-1.100698471;1.268195987;9.370293617;14.34054366;-0.2446513474;-0.01603520103;-0.2414443046;5
14.33465267;-1.076770186;1.272981644;9.293723106;14.34264528;-0.2409861535;0.009621120058;-0.235335663;5
14.33675434;-1.048056364;1.244267821;9.226723671;14.34474694;-0.2385426909;0.0426078178;-0.2304487377;5
14.33885595;-1.004985452;1.239482164;9.17886734;14.34684861;-0.2336557806;0.0743727833;-0.2243400961;5
14.34095762;-0.9810572863;1.225125194;9.154939651;14.34895022;-0.2263254076;0.1110246703;-0.2194531709;5
14.34305924;-1.004985452;1.220339537;9.116654396;14.35105189;-0.2263254076;0.1476765573;-0.2133445293;5
14.3451609;-1.024128079;1.229910851;9.083154678;14.35315351;-0.2202167511;0.1831067204;-0.2084576041;5
14.34726257;-1.000199914;1.234696507;9.073583603;14.35525517;-0.2128863782;0.2173151523;-0.1999054998;5
14.34936418;-0.9810572863;1.239482164;9.102297783;14.35735679;-0.2055560052;0.2478583902;-0.1950185746;5
14.35146585;-0.9523434043;1.253839016;9.111868858;14.3594584;-0.1994473487;0.2771798968;-0.188909933;5
14.35356746;-0.94277215;1.253839016;9.116654396;14.36156007;-0.1945604384;0.3003927469;-0.1828012913;5
14.35566913;-0.9619147182;1.268195987;9.140582085;14.36366174;-0.1872300506;0.3236056268;-0.1766926348;5
14.35777075;-0.9954141974;1.272981644;9.169296265;14.36576335;-0.1835648715;0.3419315517;-0.1705839932;5
14.35987236;-1.024128079;1.282552958;9.164510727;14.36786502;-0.1811214089;0.3590357602;-0.165697068;5
14.36197403;-1.043270707;1.277767301;9.154939651;14.36996668;-0.1762344837;0.3724747896;-0.1632536054;5
14.36407569;-1.071984529;1.282552958;9.135796547;14.3720683;-0.1750127524;0.3834703565;-0.158366695;5
14.36617731;-1.115055323;1.306481123;9.145368576;14.37416996;-0.1725693047;0.3920224607;-0.1534797698;5
14.36827897;-1.148554921;1.287338614;9.150154114;14.37627158;-0.1713475734;0.3944659233;-0.1485928595;5
14.37038064;-1.177268744;1.277767301;9.169296265;14.37837319;-0.1725693047;0.3920224607;-0.1412624866;5
14.37248226;-1.234696507;1.272981644;9.202795982;14.38047486;-0.1762344837;0.3846921027;-0.1327103674;5
14.37458392;-1.325623751;1.287338614;9.260223389;14.38257647;-0.1823431402;0.3749182522;-0.1229365394;5
14.37668554;-1.416550994;1.287338614;9.341579437;14.38467814;-0.1896735132;0.362700969;-0.1143844277;5
14.37878715;-1.521835208;1.268195987;9.379864693;14.38677976;-0.1970038861;0.3480401933;-0.1058323234;5
14.38088882;-1.603191137;1.244267821;9.41336441;14.38888142;-0.2043342739;0.3346011937;-0.09605848789;5
14.38299043;-1.660618901;1.210768223;9.399007797;14.39098309;-0.2116646469;0.3138317764;-0.08628465235;5
14.3850921;-1.694118381;1.201196909;9.41336441;14.3930847;-0.2189950198;0.2918406427;-0.07773254067;5
14.38719371;-1.694118381;1.225125194;9.475577354;14.39518637;-0.227547124;0.2710712552;-0.06673697382;5
14.38929538;-1.660618901;1.239482164;9.54257679;14.39728798;-0.2348775119;0.2454149276;-0.05696314201;5
14.39139705;-1.665404558;1.253839016;9.619147301;14.39938965;-0.2446513474;0.2222020626;-0.04718930274;5
14.39349866;-1.708475351;1.249053478;9.638289452;14.40149127;-0.2556469142;0.1941022873;-0.03863719851;5
14.39560033;-1.746760488;1.229910851;9.667003632;14.40359293;-0.2629773021;0.1611155868;-0.03252854943;5
14.39770194;-1.689332843;1.196411371;9.662218094;14.4056946;-0.2764163017;0.1342375278;-0.03130681813;5
14.39980361;-1.584048629;1.148554921;9.657432556;14.40779621;-0.2861901522;0.1024725661;-0.02886336111;5
14.40190522;-1.478764415;1.076770186;9.700503349;14.40989783;-0.2996291816;0.07803797722;-0.03130681813;5
14.40400689;-1.392622828;1.028913736;9.729216576;14.4119995;-0.3106247485;0.05726857483;-0.03497200832;5
14.40610856;-1.316052437;0.9475577474;9.753145218;14.41410116;-0.3228420317;0.03527744114;-0.03863719851;5
14.40821017;-1.249053478;0.9140582681;9.743574142;14.41620283;-0.331394136;0.01695149764;-0.04352411628;5
14.41031179;-1.162911773;0.8949156404;9.757930756;14.41830444;-0.3423897028;0.00351247238;-0.05085449293;5
14.41241345;-1.057627559;0.866201818;9.786644936;14.42040611;-0.3497200906;-0.008704823442;-0.05696314201;5
14.41451512;-0.9954141974;0.8327022791;9.853643417;14.42250772;-0.3546070158;-0.01481347065;-0.06673697382;5
14.41661679;-0.9332008362;0.8183453679;9.882357597;14.42460939;-0.3582721949;-0.02336557768;-0.07528908551;5
14.4187184;-0.8518448472;0.7657032609;9.939785004;14.42671101;-0.3607156575;-0.03069595434;-0.08872810751;5
14.42082007;-0.7465606928;0.7226324677;10.00678444;14.42881267;-0.3607156575;-0.03436114267;-0.1058323234;5
14.42292168;-0.5886343718;0.679561615;10.06899738;14.43091429;-0.3570504785;-0.03069595434;-0.1241582632;5
14.42502335;-0.4307080805;0.6221339107;10.15513897;14.43301595;-0.3546070158;-0.02214384824;-0.1412624866;5
14.42712496;-0.3206382394;0.5742774606;10.26042366;14.43511757;-0.3484983444;-0.01237001177;-0.1571449637;5
14.42922663;-0.2679961324;0.5312066078;10.27956581;14.43721924;-0.343611449;0.002290742937;-0.1705839932;5
14.43132825;-0.2536391914;0.5168496966;10.31306553;14.43932085;-0.3326158822;0.01939495653;-0.1828012913;5
14.43342991;-0.2727817893;0.5024927258;10.33220863;14.44142252;-0.3240637779;0.03527744114;-0.1913533956;5
14.43553153;-0.3206382394;0.4929214716;10.3848505;14.44352413;-0.3142899275;0.05238165334;-0.1962403059;5
14.43763319;-0.3828516304;0.4785645306;10.44227791;14.4456258;-0.300850898;0.07192932814;-0.2023489624;5
14.43973481;-0.4450650215;0.4977070987;10.49013424;14.44772746;-0.2861901522;0.08781181276;-0.2060141414;5
14.44183647;-0.4833501875;0.5264210105;10.56191921;14.44982908;-0.2727511227;0.1110246703;-0.2072358727;5
14.44393809;-0.5455635786;0.5551348329;10.65763187;14.45193074;-0.2568686306;0.1305723488;-0.2072358727;5
14.44603976;-0.6125625968;0.5790630579;10.69591713;14.45403236;-0.2373209596;0.1537852138;-0.2072358727;5
14.44814142;-0.650847733;0.6221339107;10.73898792;14.45613397;-0.2251036763;0.1733328849;-0.2047924101;5
14.45024304;-0.7130611539;0.650847733;10.76291656;14.45823564;-0.2104429156;0.1916588247;-0.2047924101;5
14.4523447;-0.7944171429;0.650847733;10.80598736;14.46033731;-0.1945604384;0.2099847645;-0.2023489624;5
14.45444632;-0.8614161611;0.6699903607;10.80120182;14.46243892;-0.1786779463;0.2258672565;-0.2011272311;5
14.45654793;-0.8997012973;0.6604190469;10.78205872;14.46454059;-0.1664606482;0.2380845547;-0.1962403059;5
14.4586496;-0.9571290612;0.6747759581;10.8107729;14.46664226;-0.15424335;0.2454149276;-0.1937968582;5
14.46075127;-0.9954141974;0.6939185858;10.80598736;14.46874387;-0.1444695145;0.2478583902;-0.1876882017;5
14.46285288;-1.033699393;0.7130611539;10.77248764;14.47084554;-0.1359174103;0.2490801066;-0.18157956;5
14.46495455;-1.067198873;0.7130611539;10.748559;14.47294715;-0.1322522312;0.2490801066;-0.1766926348;5
14.46705621;-1.110269666;0.7130611539;10.7054882;14.47504882;-0.127365306;0.2454149276;-0.1705839932;5
14.46915783;-1.148554921;0.70348984;10.63370419;14.47715043;-0.1261435747;0.2380845547;-0.1681405306;5
14.4712595;-1.177268744;0.7178468108;10.57627583;14.4792521;-0.1298087686;0.2331976295;-0.165697068;5
14.47336111;-1.186840057;0.6987041831;10.50449181;14.48135371;-0.1334739476;0.2270889878;-0.1632536054;5
14.47546278;-1.21555388;0.6699903607;10.41356373;14.48345538;-0.1371391416;0.2197586;-0.1595884264;5
14.47756439;-1.21555388;0.6556333899;10.39442158;14.485557;-0.1420260668;0.2087630332;-0.1559232324;5
14.47966606;-1.220339537;0.6652047038;10.35613632;14.48765866;-0.1444695145;0.1965457499;-0.1522580534;5
14.48176767;-1.225125194;0.6843472719;10.38006496;14.48976028;-0.1517999023;0.1831067204;-0.1485928595;5
14.48386934;-1.220339537;0.708275497;10.37527943;14.49186194;-0.1566868126;0.1708894223;-0.1437059343;5
14.48597095;-1.220339537;0.7369893789;10.41356373;14.49396361;-0.1627954692;0.1562286615;-0.1400407553;5
14.48807262;-1.225125194;0.7417750359;10.40877819;14.49606522;-0.1652389169;0.1415679157;-0.1375972927;5
14.49017424;-1.21555388;0.7417750359;10.43270683;14.49816689;-0.1689041108;0.1256854236;-0.1375972927;5
14.4922759;-1.210768223;0.7369893789;10.42313576;14.50026851;-0.1713475734;0.1134681329;-0.1363755614;5
14.49437757;-1.186840057;0.7226324677;10.44706345;14.50237012;-0.173791036;0.1012508348;-0.1363755614;5
14.49647918;-1.153340459;0.708275497;10.44706345;14.50447179;-0.1762344837;0.08659008145;-0.1363755614;5
14.49858085;-1.124626637;0.6699903607;10.4853487;14.50657345;-0.1762344837;0.07803797722;-0.1400407553;5
14.50068246;-1.115055323;0.6556333899;10.50927734;14.50867507;-0.1762344837;0.07070759684;-0.138819024;5
14.50278408;-1.105484009;0.6460621357;10.53799057;14.51077674;-0.1750127524;0.0609337613;-0.1412624866;5
14.50488575;-1.095912814;0.6317051649;10.53320503;14.5128784;-0.177456215;0.05238165334;-0.142484203;5
14.50698741;-1.081555843;0.6125625968;10.56191921;14.51498002;-0.1750127524;0.04749473557;-0.1437059343;5
14.50908903;-1.057627559;0.5934200287;10.56670475;14.51708163;-0.1725693047;0.0438295491;-0.142484203;5
14.51119069;-1.033699393;0.5838487148;10.5858469;14.5191833;-0.1676823795;0.0438295491;-0.142484203;5
14.51329236;-1.03848505;0.5790630579;10.5858469;14.52128496;-0.1627954692;0.0426078178;-0.142484203;5
14.51539397;-1.014556766;0.5694918036;10.63370419;14.52338658;-0.15424335;0.04993819445;-0.1412624866;5
14.51749559;-1.000199914;0.5694918036;10.65284634;14.52548824;-0.1481347084;0.05238165334;-0.142484203;5
14.51959726;-0.9714859724;0.6125625968;10.69591713;14.52758986;-0.1420260668;0.0621554926;-0.142484203;5
14.52169892;-0.9523434043;0.6221339107;10.72463131;14.52969153;-0.1310304999;0.07192932814;-0.1437059343;5
14.52380054;-0.9188438654;0.6125625968;10.70070267;14.53179314;-0.1200349256;0.08536835015;-0.1449276656;5
14.5259022;-0.8614161611;0.6364908218;10.73420238;14.53389481;-0.1078176349;0.09636391699;-0.1461493969;5
14.52800382;-0.8231309652;0.6652047038;10.75334454;14.53599642;-0.0980437994;0.1085812151;-0.1449276656;5
14.53010549;-0.8327022791;0.6699903607;10.748559;14.53809809;-0.08704823256;0.1220202371;-0.1412624866;5
14.5322071;-0.837487936;0.6987041831;10.72463131;14.54019976;-0.07849612087;0.1269071549;-0.138819024;5
14.53430877;-0.8422735929;0.7465606928;10.72941685;14.54230137;-0.06872228533;0.1342375278;-0.1339320987;5
14.53641038;-0.8614161611;0.7657032609;10.66241741;14.54440299;-0.06261363626;0.1403461844;-0.1302669197;5
14.53851205;-0.866201818;0.7896314859;10.60020447;14.54650465;-0.05894844979;0.1452330947;-0.1278234571;5
14.54061371;-0.8757730722;0.813559711;10.53799057;14.54860632;-0.05650499091;0.1513417512;-0.1229365394;5
14.54271533;-0.8709874153;0.8231309652;10.49491978;14.55070793;-0.05161807314;0.1562286615;-0.121714808;5
14.54481694;-0.8805587292;0.8039883971;10.41356373;14.5528096;-0.05039634556;0.1611155868;-0.1192713454;5
14.54691861;-0.8757730722;0.813559711;10.37049294;14.55491121;-0.04917461425;0.1611155868;-0.1180496216;5
14.54902028;-0.866201818;0.8183453679;10.35613632;14.55701288;-0.05161807314;0.1611155868;-0.1192713454;5
14.55112189;-0.8518448472;0.813559711;10.35135078;14.5591145;-0.05406153202;0.1574503928;-0.1204930767;5
14.55322356;-0.8279166222;0.7944171429;10.35613632;14.56121616;-0.05894844979;0.1488982886;-0.1192713454;5
14.55532517;-0.8231309652;0.784845829;10.34177971;14.56331783;-0.06139190868;0.1366809905;-0.1192713454;5
14.55742684;-0.8279166222;0.7800601721;10.32742214;14.56541944;-0.06750056148;0.1171333194;-0.1168278903;5
14.55952845;-0.8279166222;0.7752745152;10.31306553;14.56752106;-0.0736092031;0.09636391699;-0.1143844277;5
14.56163012;-0.8470591903;0.7992027402;10.31785107;14.56962272;-0.07849612087;0.07559451461;-0.1119409725;5
14.56373179;-0.8614161611;0.8183453679;10.28913784;14.57172434;-0.08582650125;0.05726857483;-0.1094975099;5
14.5658334;-0.866201818;0.8231309652;10.26042366;14.57382601;-0.09315688163;0.03894263133;-0.1082757786;5
14.56793502;-0.8757730722;0.8422735929;10.26042366;14.57592767;-0.1004872546;0.02306014486;-0.1070540547;5
14.57003668;-0.8757730722;0.8087740541;10.28435135;14.57802929;-0.1065959036;0.005955931731;-0.1046105921;5
14.5721383;-0.8614161611;0.8231309652;10.27478027;14.58013095;-0.113926284;-0.007483093534;-0.1046105921;5
14.57423996;-0.8470591903;0.8039883971;10.30827999;14.58223262;-0.1163697392;-0.01847865991;-0.1033888608;5
14.57634163;-0.8231309652;0.7657032609;10.31785107;14.58433424;-0.1212566569;-0.02825249545;-0.1046105921;5
14.57844324;-0.813559711;0.7465606928;10.33699417;14.58643585;-0.1224783882;-0.03680460155;-0.102167137;5
14.58054491;-0.8087740541;0.7274180651;10.38006496;14.58853752;-0.1212566569;-0.04169152305;-0.1009454057;5
14.58264658;-0.7944171429;0.7130611539;10.45184898;14.59063913;-0.1175914705;-0.0478001684;-0.1009454057;5
14.58474819;-0.7992027402;0.6843472719;10.51406288;14.5927408;-0.1127045527;-0.05146535859;-0.1009454057;5
14.58684981;-0.7752745152;0.6747759581;10.59541893;14.59484246;-0.1053741723;-0.05513054505;-0.09972367436;5
14.58895147;-0.7704889178;0.6412764788;10.66720295;14.59694408;-0.0968220681;-0.05757400393;-0.09605848789;5
14.59105309;-0.7417750359;0.6412764788;10.72463131;14.59904575;-0.08949168772;-0.05757400393;-0.09605848789;5
14.59315476;-0.756131947;0.626919508;10.80120182;14.60114741;-0.07605266571;-0.05635227636;-0.09483675659;5
14.59525642;-0.7369893789;0.6173482537;10.83948612;14.60324903;-0.06505709887;-0.05024362728;-0.09239330143;5
14.59735804;-0.708275497;0.6029912829;10.84905815;14.60535069;-0.04917461425;-0.04413498193;-0.08994983882;5
14.5994597;-0.708275497;0.5647061467;10.89212894;14.60745231;-0.03451386094;-0.03558287397;-0.08750637621;5
14.60156137;-0.6891329288;0.5599204898;10.92084217;14.60955397;-0.01985310577;-0.0294742249;-0.08750637621;5
14.60366299;-0.6891329288;0.5551348329;10.94477081;14.61165559;-0.002748891478;-0.01970038936;-0.08261945844;5
14.60576465;-0.6843472719;0.5407779217;10.96869946;14.61375726;0.01069013402;-0.01114828233;-0.08017600328;5
14.60786627;-0.6987041831;0.5359922647;10.97348499;14.61585887;0.02779434808;-0.005039634649;-0.07651081681;5
14.60996793;-0.6843472719;0.5407779217;10.95912743;14.61796049;0.04001164436;-0.003817904973;-0.07040216774;5
14.61206955;-0.708275497;0.5647061467;10.93998528;14.62006215;0.05345066637;0.001069013379;-0.06795870513;5
14.61417121;-0.70348984;0.6029912829;10.87777138;14.62216382;0.06200277433;0.004734201822;-0.06429351866;5
14.61627283;-0.6987041831;0.6221339107;10.8107729;14.62426548;0.07177661359;0.005955931731;-0.06185005978;5
14.61837444;-0.679561615;0.6604190469;10.7054882;14.6263671;0.07666353136;0.008399390616;-0.05696314201;5
14.62047611;-0.6699903607;0.6604190469;10.60020447;14.62846877;0.07910698652;0.0108428495;-0.0557414107;5
14.62257778;-0.6364908218;0.679561615;10.4853487;14.63057038;0.08277218044;0.0108428495;-0.05207622424;5
14.62467944;-0.626919508;0.7178468108;10.34177971;14.632672;0.08155044913;0.01328630932;-0.04963276163;5
14.62678106;-0.5982056856;0.7369893789;10.24606609;14.63477366;0.07910698652;0.0157297682;-0.04718930274;5
14.62888272;-0.5790630579;0.7513462901;10.15035343;14.63687528;0.07788526267;0.01817322709;-0.04474584386;5
14.63098434;-0.5455635786;0.7752745152;10.03071213;14.63897694;0.07299833745;0.01939495653;-0.04352411628;5
14.63308595;-0.5168496966;0.7800601721;9.934999466;14.64107861;0.06811141968;0.02306014486;-0.04352411628;5
14.63518762;-0.4977070987;0.784845829;9.87757206;14.64318022;0.06688969582;0.02183841541;-0.04230238497;5
14.63728924;-0.4689932466;0.7992027402;9.844072342;14.64528189;0.06078104675;0.02061668597;-0.04108065739;5
14.6393909;-0.4689932466;0.8087740541;9.801001549;14.64738356;0.05711585656;0.01450803876;-0.04108065739;5
14.64149257;-0.4402793646;0.8039883971;9.767501831;14.64948517;0.05467239767;0.0108428495;-0.04108065739;5
14.64359418;-0.4163511395;0.8087740541;9.757930756;14.65158679;0.04489856213;0.008399390616;-0.04352411628;5
14.64569585;-0.3972085714;0.8087740541;9.686145782;14.65368845;0.04123337194;0.007177661173;-0.04352411628;5
14.64779752;-0.3876372576;0.8087740541;9.667003632;14.65579012;0.03634645417;0.007177661173;-0.04474584386;5
14.64989913;-0.3780659735;0.7992027402;9.647860527;14.65789174;0.03390299529;0.008399390616;-0.04596757516;5
14.65200074;-0.3876372576;0.813559711;9.619147301;14.6599934;0.03023780696;0.0108428495;-0.04718930274;5
14.65410241;-0.4067798555;0.7944171429;9.628718376;14.66209502;0.02901607752;0.01450803876;-0.04596757516;5
14.65620408;-0.4354937077;0.7704889178;9.633503914;14.66419668;0.02779434808;0.02183841541;-0.04474584386;5
14.65830569;-0.4498506486;0.7752745152;9.657432556;14.6662983;0.02779434808;0.03039052337;-0.04474584386;5
14.66040736;-0.4594219327;0.7752745152;9.657432556;14.66839996;0.0314595364;0.03649916872;-0.04108065739;5
14.66250897;-0.4642075896;0.7944171429;9.69093132;14.67050158;0.03390299529;0.04627300799;-0.03863719851;5
14.66461064;-0.4546363056;0.7800601721;9.738788605;14.67260325;0.04123337194;0.05604684353;-0.03619373962;5
14.66671226;-0.4307080805;0.7896314859;9.762716293;14.67470491;0.0485637486;0.07315105945;-0.03252854943;5
14.66881392;-0.4450650215;0.7944171429;9.810572624;14.67680653;0.05467239767;0.08781181276;-0.03130681813;5
14.67091554;-0.4354937077;0.7896314859;9.834501266;14.67890814;0.06566796452;0.1036942974;-0.03008509055;5
14.6730172;-0.4354937077;0.756131947;9.853643417;14.68100981;0.07544180006;0.1207985133;-0.03008509055;5
14.67511887;-0.4402793646;0.7513462901;9.87757206;14.68311142;0.0852156356;0.1403461844;-0.02764163166;5
14.67722049;-0.4211367965;0.7274180651;9.901499748;14.68521309;0.09865466505;0.1586721241;-0.02764163166;5
14.6793221;-0.4211367965;0.708275497;9.911071777;14.68731476;0.1096502244;0.1782197952;-0.02764163166;5
14.68142377;-0.3972085714;0.7130611539;9.930213928;14.68941637;0.1206457913;0.1953240186;-0.02641990222;5
14.68352538;-0.3828516304;0.6987041831;9.95414257;14.69151804;0.1316413581;0.2087630332;-0.02641990222;5
14.68562705;-0.3876372576;0.679561615;9.949356079;14.69361965;0.1414151937;0.2246455252;-0.02764163166;5
14.68772871;-0.4067798555;0.6699903607;9.968499184;14.69572132;0.1499672979;0.2295324355;-0.02397644334;5
14.68983033;-0.4211367965;0.6652047038;9.925428391;14.69782298;0.158519417;0.2356410921;-0.02641990222;5
14.691932;-0.4354937077;0.6556333899;9.934999466;14.6999246;0.1646280587;0.2331976295;-0.02397644334;5
14.69403361;-0.4594219327;0.650847733;9.901499748;14.70202627;0.16584979;0.2270889878;-0.02641990222;5
14.69613528;-0.4594219327;0.626919508;9.87757206;14.70412788;0.1682932526;0.2173151523;-0.02641990222;5
14.69823694;-0.4689932466;0.6221339107;9.8201437;14.70622955;0.1670715213;0.2038761228;-0.02764163166;5
14.70033856;-0.4642075896;0.6125625968;9.772287369;14.70833116;0.1597411335;0.1879936308;-0.03008509055;5
14.70244022;-0.4450650215;0.6125625968;9.69093132;14.71043283;0.1548542231;0.1684459597;-0.03375028074;5
14.70454184;-0.4737788737;0.626919508;9.604789734;14.7125345;0.1463021189;0.1488982886;-0.03497200832;5
14.70664351;-0.4689932466;0.626919508;9.528220177;14.71463611;0.1353065521;0.1317940801;-0.0374154672;5
14.70874512;-0.4881358147;0.6317051649;9.437292099;14.71673772;0.1230892539;0.1110246703;-0.03985892609;5
14.71084679;-0.4642075896;0.6412764788;9.360722542;14.71883939;0.1108719558;0.09147699922;-0.04230238497;5
14.71294845;-0.4642075896;0.6604190469;9.298508644;14.72094101;0.09621120244;0.07315105945;-0.04352411628;5
14.71505007;-0.4546363056;0.6939185858;9.217152596;14.72304267;0.08155044913;0.05360338464;-0.04352411628;5
14.71715168;-0.4642075896;0.732203722;9.164510727;14.72514434;0.06444623321;0.03283398226;-0.04474584386;5
14.71925335;-0.4689932466;0.760917604;9.073583603;14.72724601;0.04734202102;0.01695149764;-0.04474584386;5
14.72135496;-0.4689932466;0.7992027402;9.040083885;14.72934762;0.03023780696;0.002290742937;-0.04352411628;5
14.72345663;-0.4642075896;0.7896314859;9.00179863;14.73144924;0.01557705179;-0.01114828233;-0.04230238497;5
14.7255583;-0.4689932466;0.8039883971;8.997013092;14.7335509;0.002138026757;-0.02336557768;-0.03863719851;5
14.72765996;-0.4785645306;0.7944171429;9.00179863;14.73565252;-0.0100792693;-0.03313941509;-0.03252854943;5
14.72976158;-0.5024927258;0.8039883971;9.035298347;14.73775418;-0.02107483521;-0.04413498193;-0.02519817278;5
14.73186319;-0.5407779217;0.8231309652;9.05922699;14.7398558;-0.02840521187;-0.05268708616;-0.01542433538;5
14.73396486;-0.5886343718;0.8518448472;9.116654396;14.74195746;-0.03695731983;-0.05513054505;-0.003207040019;5
14.73606647;-0.6317051649;0.8709874153;9.183652878;14.74405913;-0.0418442376;-0.05879573524;0.005345067009;5
14.73816814;-0.6843472719;0.890130043;9.217152596;14.74616075;-0.04550942779;-0.05757400393;0.01634063199;5
14.74026976;-0.708275497;0.9044869542;9.284152031;14.74826241;-0.04795288667;-0.05635227636;0.02611446939;5
14.74237142;-0.708275497;0.8997012973;9.322437286;14.75036403;-0.04917461425;-0.05268708616;0.03344484791;5
14.74447309;-0.6987041831;0.8757730722;9.389435768;14.75246569;-0.04917461425;-0.04413498193;0.04199695215;5
14.7465747;-0.6652047038;0.8614161611;9.437292099;14.75456731;-0.04673115537;-0.03802633286;0.04688387364;5
14.74867637;-0.6029912829;0.8422735929;9.499505997;14.75666897;-0.04428769648;-0.02703076601;0.05177079141;5
14.75077799;-0.5407779217;0.813559711;9.547362328;14.75877059;-0.03817904741;-0.01725693047;0.05665770918;5
14.75287965;-0.4785645306;0.7752745152;9.604789734;14.76087226;-0.03207040206;-0.005039634649;0.05910116807;5
14.75498127;-0.4211367965;0.7369893789;9.633503914;14.76297387;-0.02718348242;0.008399390616;0.06520981342;5
14.75708293;-0.3302095234;0.70348984;9.738788605;14.76507554;-0.02474002354;0.01939495653;0.06643154472;5
14.75918455;-0.2679961324;0.6699903607;9.805787086;14.76717715;-0.02596175298;0.02550360374;0.07009673119;5
14.76128621;-0.2967100143;0.6317051649;9.714859962;14.76927882;-0.0235182941;0.03527744114;0.0737619251;5
14.76338783;-0.3158525825;0.5982056856;9.614361763;14.77138049;-0.01985310577;0.0426078178;0.07498364896;5
14.7654895;-0.3158525825;0.5886343718;9.604789734;14.7734821;-0.01740964688;0.04627300799;0.0737619251;5
14.76759111;-0.2536391914;0.6029912829;9.643074989;14.77558377;-0.01496618707;0.05115992576;0.0725401938;5
14.76969278;-0.1914258152;0.6125625968;9.686145782;14.77768538;-0.01130099874;0.05726857483;0.06887500733;5
14.77179444;-0.09092725813;0.626919508;9.753145218;14.77978705;-0.008857538924;0.05971203372;0.06276635826;5
14.77389606;-0.01914258115;0.6221339107;9.74835968;14.78188866;-0.006414080039;0.0609337613;0.06154462695;5
14.77599772;0.02871387079;0.6029912829;9.777072906;14.78399033;-0.003970621154;0.06337722391;0.05787943676;5
14.77809934;0.0382851623;0.5742774606;9.772287369;14.78609194;-0.0003054323897;0.06459894776;0.05543597788;5
14.78020101;0.04307080805;0.5312066078;9.772287369;14.78819361;0.002138026757;0.06826414168;0.05177079141;5
14.78230262;0.004785645287;0.4833501875;9.791430473;14.79029522;0.004581485875;0.06826414168;0.04932733253;5
14.78440429;-0.004785645287;0.4450650215;9.8201437;14.79239689;0.009468403645;0.07070759684;0.04688387364;5
14.7865059;-0.0382851623;0.4163511395;9.858428955;14.79449856;0.01191186346;0.06704241037;0.04444041103;5
14.78860757;-0.05264209956;0.4163511395;9.858428955;14.79660017;0.01802051067;0.06459894776;0.04199695215;5
14.79070918;-0.05264209956;0.4115654826;9.87757206;14.79870184;0.02046396956;0.0609337613;0.03955349326;5
14.79281085;-0.06699903309;0.4259224236;9.901499748;14.80080351;0.02412915789;0.05360338464;0.03466657549;5
14.79491252;-0.07178468257;0.4259224236;9.896714211;14.80290512;0.02779434808;0.04993819445;0.03222311661;5
14.79701413;-0.09092725813;0.4450650215;9.906285286;14.80500679;0.03023780696;0.04138609022;0.02855792828;5
14.7991158;-0.1244267747;0.4450650215;9.901499748;14.8071084;0.03390299529;0.03283398226;0.02489273995;5
14.80121746;-0.1483550072;0.4450650215;9.891928673;14.80921007;0.03634645417;0.02672533318;0.02367101051;5
14.80331908;-0.1674975902;0.4737788737;9.896714211;14.81131168;0.03634645417;0.01695149764;0.02122755162;5
14.80542075;-0.1866401732;0.4546363056;9.868000984;14.8134133;0.04001164436;0.009621120058;0.02000582218;5
14.80752236;-0.1914258152;0.4689932466;9.834501266;14.81551496;0.04001164436;0.002290742937;0.01878409274;5
14.80962403;-0.2153540403;0.4594219327;9.796216011;14.81761663;0.03634645417;-0.002596175298;0.01878409274;5
14.81172564;-0.2297109663;0.4833501875;9.762716293;14.81971824;0.03756818548;-0.006261364091;0.0175623633;5
14.81382726;-0.2201396823;0.4881358147;9.705288887;14.82181991;0.03756818548;-0.01237001177;0.01878409274;5
14.81592892;-0.2297109663;0.4881358147;9.662218094;14.82392153;0.03390299529;-0.01603520103;0.01878409274;5
14.81803059;-0.2057827413;0.5072783828;9.614361763;14.82602319;0.02901607752;-0.01970038936;0.0175623633;5
14.8201322;-0.1914258152;0.5120640397;9.547362328;14.82812481;0.02657261863;-0.02214384824;0.01878409274;5
14.82223387;-0.1531406492;0.5312066078;9.485149384;14.83022647;0.02412915789;-0.02703076601;0.01878409274;5
14.82433548;-0.1435693651;0.5455635786;9.437292099;14.83232814;0.01924224012;-0.02825249545;0.01878409274;5
14.82643715;-0.1244267747;0.5503492355;9.418149948;14.83442976;0.01557705179;-0.03069595434;0.02244928107;5
14.82853877;-0.1052841991;0.5694918036;9.403793335;14.83653142;0.01557705179;-0.0294742249;0.02367101051;5
14.83064043;-0.08135596663;0.5503492355;9.389435768;14.83863304;0.0131335929;-0.03313941509;0.02367101051;5
14.8327421;-0.1674975902;0.5312066078;9.38465023;14.8407347;0.00702494476;-0.03436114267;0.02367101051;5
14.83484371;-0.1387837082;0.5264210105;9.370293617;14.84283632;0.005803215317;-0.03313941509;0.02244928107;5
14.83694538;-0.09571290761;0.5359922647;9.360722542;14.84493793;0.002138026757;-0.03436114267;0.01878409274;5
14.839047;-0.03349951655;0.5694918036;9.346364975;14.8470396;-0.003970621154;-0.03191768378;0.01511890348;5
14.84114866;0.03349951655;0.5551348329;9.288937569;14.84914127;-0.006414080039;-0.03313941509;0.01023198478;5
14.84325028;0.08135596663;0.5647061467;9.241081238;14.85124288;-0.0100792693;-0.03313941509;0.005345067009;5
14.84535189;0.1627119333;0.5982056856;9.245866776;14.85334455;-0.01252272818;-0.03313941509;-0.0007635809598;5
14.84745356;0.2057827413;0.5886343718;9.20758152;14.85544616;-0.01863137633;-0.0294742249;-0.006872228812;5
14.84955522;0.2488535494;0.5790630579;9.188439369;14.85754783;-0.02229656465;-0.02703076601;-0.01175914705;5
14.85165684;0.2823530734;0.5886343718;9.183652878;14.8596495;-0.02474002354;-0.02214384824;-0.01542433538;5
14.85375851;0.2823530734;0.5742774606;9.145368576;14.86175111;-0.02962694131;-0.01481347065;-0.02397644334;5
14.85586012;0.2823530734;0.5647061467;9.150154114;14.86385278;-0.03329212964;-0.008704823442;-0.02764163166;5
14.85796179;0.2727817893;0.5359922647;9.145368576;14.86595439;-0.03451386094;0.001069013379;-0.03252854943;5
14.86006345;0.2632105052;0.5359922647;9.135796547;14.86805606;-0.04062250629;0.0108428495;-0.03863719851;5
14.86216507;0.2440679073;0.5503492355;9.145368576;14.87015767;-0.0418442376;0.02061668597;-0.04108065739;5
14.86426674;0.1962114573;0.5599204898;9.140582085;14.87225934;-0.04428769648;0.03161225095;-0.04230238497;5
14.86636835;0.1627119333;0.5838487148;9.159725189;14.87436095;-0.04673115537;0.04016435891;-0.04230238497;5
14.86847002;0.09571290761;0.6077769399;9.174081802;14.87646262;-0.04795288667;0.04749473557;-0.04230238497;5
14.87057163;0.0382851623;0.6364908218;9.202795982;14.87856424;-0.04673115537;0.05726857483;-0.04230238497;5
14.8726733;-0.009571290575;0.650847733;9.2362957;14.8806659;-0.05039634556;0.06337722391;-0.04108065739;5
14.87477491;-0.04785645381;0.6556333899;9.250652313;14.88276752;-0.05039634556;0.06948586553;-0.03985892609;5
14.87687658;-0.09571290761;0.6747759581;9.284152031;14.88486918;-0.04917461425;0.07315105945;-0.0374154672;5
14.87897819;-0.1244267747;0.6699903607;9.265008926;14.88697085;-0.04917461425;0.07559451461;-0.0374154672;5
14.88107986;-0.1483550072;0.6747759581;9.288937569;14.88907246;-0.04673115537;0.07681624591;-0.03619373962;5
14.88318147;-0.1722832322;0.6556333899;9.332008362;14.89117413;-0.04550942779;0.07803797722;-0.03497200832;5
14.88528314;-0.1579262912;0.6364908218;9.375079155;14.89327574;-0.04428769648;0.08292489499;-0.03497200832;5
14.88738481;-0.1483550072;0.6173482537;9.399007797;14.89537741;-0.0418442376;0.08292489499;-0.03130681813;5
14.88948642;-0.1531406492;0.626919508;9.41336441;14.89747908;-0.04306596518;0.08414662629;-0.02886336111;5
14.89158809;-0.1770688742;0.6460621357;9.422935486;14.89958069;-0.04550942779;0.08536835015;-0.02519817278;5
14.8936897;-0.2009970993;0.6699903607;9.427721024;14.90168231;-0.04673115537;0.08903354406;-0.02275471389;5
14.89579137;-0.2392822653;0.6891329288;9.427721024;14.90378397;-0.04917461425;0.08903354406;-0.0190895237;5
14.89789304;-0.2632105052;0.70348984;9.427721024;14.90588564;-0.05039634556;0.08659008145;-0.01786779426;5
14.89999465;-0.2919243574;0.6891329288;9.427721024;14.90798731;-0.05406153202;0.08536835015;-0.01786779426;5
14.90209627;-0.3014956415;0.650847733;9.403793335;14.91008892;-0.05650499091;0.08292489499;-0.02031125315;5
14.90419793;-0.3110669553;0.6412764788;9.466006279;14.91219054;-0.0601701811;0.08536835015;-0.02031125315;5
14.9062996;-0.2727817893;0.6029912829;9.480362892;14.9142922;-0.0601701811;0.08170316368;-0.02153298259;5
14.90840127;-0.2440679073;0.5838487148;9.446864128;14.91639382;-0.0601701811;0.07681624591;-0.02397644334;5
14.91050288;-0.2201396823;0.5599204898;9.466006279;14.91849549;-0.06383536756;0.06948586553;-0.02397644334;5
14.9126045;-0.2153540403;0.5742774606;9.504291534;14.92059715;-0.06383536756;0.06582067907;-0.02519817278;5
14.91470616;-0.2344966233;0.6077769399;9.556933403;14.92269877;-0.06627883017;0.06459894776;-0.02641990222;5
14.91680778;-0.2584248483;0.6029912829;9.590433121;14.92480043;-0.06750056148;0.0621554926;-0.02641990222;5
14.91890944;-0.2919243574;0.6029912829;9.638289452;14.92690205;-0.06750056148;0.05849030241;-0.02886336111;5
14.92101111;-0.3158525825;0.5886343718;9.647860527;14.92900371;-0.06994401664;0.05360338464;-0.03130681813;5
14.92311272;-0.3445664644;0.5982056856;9.69093132;14.93110533;-0.07238747925;0.04749473557;-0.03375028074;5
14.92521439;-0.3732803464;0.5838487148;9.729216576;14.933207;-0.07116574794;0.03772090003;-0.03619373962;5
14.92731601;-0.3876372576;0.5694918036;9.753145218;14.93530861;-0.0736092031;0.03161225095;-0.03985892609;5
14.92941767;-0.3684946895;0.5694918036;9.791430473;14.93741028;-0.07238747925;0.0242818743;-0.04230238497;5
14.93151929;-0.3828516304;0.5312066078;9.8201437;14.93951189;-0.07605266571;0.01695149764;-0.04718930274;5
14.93362095;-0.3924229145;0.5024927258;9.84885788;14.94161356;-0.07727439702;0.005955931731;-0.04963276163;5
14.93572257;-0.4307080805;0.4833501875;9.868000984;14.94371517;-0.07483093441;-0.001374445739;-0.05207622424;5
14.93782424;-0.4546363056;0.4689932466;9.901499748;14.94581684;-0.07971785218;-0.01237001177;-0.05329795182;5
14.93992585;-0.4546363056;0.4833501875;9.930213928;14.94791845;-0.07971785218;-0.02336557768;-0.0557414107;5
14.94202752;-0.4785645306;0.4977070987;9.949356079;14.95002012;-0.07971785218;-0.03069595434;-0.05696314201;5
14.94412913;-0.5024927258;0.5120640397;9.949356079;14.95212174;-0.08338304609;-0.03802633286;-0.06062832847;5
14.9462308;-0.5024927258;0.5407779217;9.963713646;14.9542234;-0.08582650125;-0.04657844082;-0.06673697382;5
14.94833241;-0.5120640397;0.5359922647;9.978070259;14.95632507;-0.08949168772;-0.05268708616;-0.07162389904;5
14.95043408;-0.5264210105;0.5216353536;9.968499184;14.95842668;-0.08949168772;-0.05390881747;-0.0740673542;5
14.95253569;-0.5359922647;0.4977070987;10.03071213;14.96052835;-0.09071341902;-0.05024362728;-0.08017600328;5
14.95463736;-0.5407779217;0.5120640397;10.05464077;14.96262996;-0.09193515033;-0.0478001684;-0.08139773458;5
14.95673903;-0.5551348329;0.5120640397;10.05942631;14.96473163;-0.08949168772;-0.04535670951;-0.08139773458;5
14.95884064;-0.5886343718;0.5455635786;10.11206818;14.96683324;-0.08338304609;-0.03924806044;-0.07895427197;5
14.96094231;-0.6125625968;0.5694918036;10.20778179;14.96893491;-0.07971785218;-0.03558287397;-0.07773254067;5
14.96304392;-0.6891329288;0.5982056856;10.31306553;14.97103653;-0.07605266571;-0.02580903657;-0.0740673542;5
14.96514559;-0.7513462901;0.6173482537;10.36092186;14.97313819;-0.06872228533;-0.01847865991;-0.07162389904;5
14.9672472;-0.8087740541;0.6604190469;10.39920712;14.97523981;-0.06139190868;-0.01114828233;-0.06673697382;5
14.96934887;-0.837487936;0.6556333899;10.47099209;14.97734147;-0.05161807314;-0.005039634649;-0.06551524997;5
14.97145048;-0.8709874153;0.6556333899;10.51884842;14.97944314;-0.04306596518;-0.007483093534;-0.06795870513;5
14.97355215;-0.8853443861;0.626919508;10.57149029;14.98154476;-0.02962694131;-0.009926552884;-0.07162389904;5
14.97565377;-0.890130043;0.5694918036;10.61456108;14.98364642;-0.01618791744;-0.003817904973;-0.07528908551;5
14.97775543;-0.8279166222;0.4977070987;10.78205872;14.98574804;-0.006414080039;0.008399390616;-0.08261945844;5
14.9798571;-0.7992027402;0.4689932466;10.85384369;14.9878497;0.004581485875;0.02183841541;-0.08628465235;5
14.98195871;-0.7752745152;0.4594219327;10.82034397;14.98995137;0.01435532235;0.03161225095;-0.09117157012;5
14.98406038;-0.8087740541;0.5216353536;10.74377346;14.99205298;0.02046396956;0.03894263133;-0.09605848789;5
14.986162;-0.8566305041;0.5790630579;10.74377346;14.99415465;0.02657261863;0.04016435891;-0.09972367436;5
14.98826366;-0.8853443861;0.6077769399;10.74377346;14.99625627;0.0314595364;0.04505127668;-0.1033888608;5
14.99036533;-0.8805587292;0.6125625968;10.77248764;14.99835793;0.03268126398;0.04749473557;-0.1107192412;5
14.99246694;-0.8949156404;0.6173482537;10.75334454;15.00045955;0.0314595364;0.05238165334;-0.1180496216;5
14.99456861;-0.8853443861;0.5742774606;10.72941685;15.00256121;0.0314595364;0.04627300799;-0.1241582632;5
14.99667022;-0.9044869542;0.5599204898;10.65763187;15.00466283;0.03512472659;0.02794706449;-0.1339320987;5
14.99877189;-0.94277215;0.5359922647;10.59063339;15.0067645;0.03878991306;0.009621120058;-0.1400407553;5
15.00087351;-0.9571290612;0.5024927258;10.61934662;15.00886611;0.04001164436;0.002290742937;-0.1461493969;5
15.00297517;-0.8853443861;0.4594219327;10.89212894;15.01096778;0.04245510325;-0.001374445739;-0.1473711282;5
15.00507679;-0.9379864931;0.4594219327;10.94955635;15.01306944;0.04123337194;-0.005039634649;-0.1449276656;5
15.00717845;-1.071984529;0.5312066078;10.84905815;15.01517106;0.03878991306;-0.01114828233;-0.1412624866;5
15.00928007;-1.26341033;0.6747759581;10.75334454;15.01727267;0.04001164436;-0.01725693047;-0.1351538301;5
15.01138174;-1.40697968;0.7944171429;10.71027374;15.01937434;0.04123337194;-0.02703076601;-0.1290451884;5
15.0134834;-1.493121386;0.9044869542;10.74377346;15.02147601;0.04001164436;-0.04169152305;-0.1229365394;5
15.01558502;-1.526620865;0.9714859724;10.82034397;15.02357762;0.04123337194;-0.06246092543;-0.1204930767;5
15.01768663;-1.55054903;1.004985452;10.83948612;15.02567929;0.04123337194;-0.0856737867;-0.1180496216;5
15.0197883;-1.569691658;0.9858429432;10.81555843;15.0277809;0.04123337194;-0.10033454;-0.115606159;5
15.02188996;-1.540977836;0.9236295223;10.92562866;15.02988257;0.04123337194;-0.1125518382;-0.1131627038;5
15.02399158;-1.526620865;0.9236295223;10.89691448;15.03198424;0.03756818548;-0.1247691289;-0.1119409725;5
15.02609324;-1.555334687;0.9236295223;10.77727318;15.03408585;0.03878991306;-0.1369864196;-0.1082757786;5
15.02819486;-1.617548108;0.9475577474;10.7054882;15.03618752;0.03878991306;-0.1443168074;-0.1033888608;5
15.03029653;-1.636690736;1.004985452;10.7054882;15.03828913;0.03878991306;-0.150425449;-0.09972367436;5
15.03239819;-1.636690736;1.03848505;10.75813103;15.04039075;0.03756818548;-0.1553123742;-0.09605848789;5
15.03449981;-1.670190215;1.067198873;10.78205872;15.04249241;0.04001164436;-0.1650862098;-0.09117157012;5
15.03660147;-1.713261008;1.091127157;10.748559;15.04459408;0.04245510325;-0.173638314;-0.08994983882;5
15.03870309;-1.722832322;1.0863415;10.68156052;15.04669569;0.04734202102;-0.1821904182;-0.08628465235;5
15.0408047;-1.674975872;1.057627559;10.8107729;15.04879736;0.05100720748;-0.1870773435;-0.08261945844;5
15.04290637;-1.64626193;1.033699393;10.84905815;15.05089897;0.05589412898;-0.1907425225;-0.07895427197;5
15.04500804;-1.651047587;1.043270707;10.82034397;15.05300064;0.05833758786;-0.1956294477;-0.0728456229;5
15.04710965;-1.689332843;1.033699393;10.82034397;15.05510226;0.06078104675;-0.196851179;-0.06795870513;5
15.04921132;-1.718046665;1.057627559;10.80598736;15.05720392;0.06933315098;-0.1919642538;-0.06062832847;5
15.05131293;-1.727617979;1.071984529;10.79162979;15.05930554;0.07788526267;-0.1895207912;-0.0557414107;5
15.0534146;-1.722832322;1.115055323;10.75813103;15.0614072;0.08888082206;-0.1773035079;-0.05085449293;5
15.05551621;-1.670190215;1.124626637;10.75334454;15.06350887;0.09621120244;-0.1589775532;-0.04596757516;5
15.05761788;-1.622333765;1.129412293;10.81555843;15.06561048;0.1047633067;-0.1406516135;-0.04108065739;5
15.0597195;-1.641476393;1.13419795;10.85384369;15.06771215;0.1182023361;-0.1259908676;-0.03863719851;5
15.06182116;-1.655833244;1.13419795;10.79162979;15.06981377;0.1304196268;-0.1113301069;-0.03497200832;5
15.06392283;-1.64626193;1.0863415;10.77727318;15.07191543;0.1438586563;-0.09178243577;-0.03252854943;5
15.06602444;-1.588834286;1.033699393;10.84905815;15.07401705;0.1560759544;-0.07467821985;-0.03130681813;5
15.06812611;-1.560120344;0.9954141974;10.8682003;15.07611866;0.1719584316;-0.05390881747;-0.03008509055;5
15.07022772;-1.526620865;0.9523434043;10.84905815;15.07822033;0.1866191924;-0.03802633286;-0.02764163166;5
15.07232939;-1.526620865;0.9188438654;10.87298584;15.080322;0.2012799382;-0.01970038936;-0.02519817278;5
15.07443101;-1.50269258;0.9140582681;10.89691448;15.08242361;0.2147189677;-0.002596175298;-0.02519817278;5
15.07653262;-1.483550072;0.94277215;10.9112711;15.08452528;0.2293797284;0.0108428495;-0.02641990222;5
15.07863429;-1.45483613;0.9619147182;10.8682003;15.08662694;0.2415970266;0.0242818743;-0.03008509055;5
15.08073595;-1.411765337;0.9332008362;10.82034397;15.08872856;0.2501491308;0.0426078178;-0.03497200832;5
15.08283757;-1.335195065;0.8853443861;10.83470058;15.09083022;0.2611446977;0.05849030241;-0.04352411628;5
15.08493924;-1.282552958;0.8566305041;10.69591713;15.09293184;0.2672533393;0.06826414168;-0.05085449293;5
15.0870409;-1.234696507;0.8518448472;10.5475626;15.09503351;0.2696968019;0.07559451461;-0.06062832847;5
15.08914252;-1.220339537;0.8327022791;10.52363396;15.09713512;0.2709185183;0.07559451461;-0.07040216774;5
15.09124418;-1.244267821;0.8327022791;10.49013424;15.09923679;0.2709185183;0.07803797722;-0.07773254067;5
15.0933458;-1.282552958;0.8327022791;10.41356373;15.10133845;0.2684750557;0.07559451461;-0.08261945844;5
15.09544746;-1.296909928;0.8231309652;10.38006496;15.10344007;0.2684750557;0.07803797722;-0.08506292105;5
15.09754908;-1.335195065;0.8709874153;10.31785107;15.10554174;0.2660316229;0.08170316368;-0.08628465235;5
15.09965075;-1.387837172;0.9236295223;10.22692394;15.10764335;0.2648098767;0.08414662629;-0.08506292105;5
15.10175241;-1.497906923;0.9858429432;10.15035343;15.10974502;0.2611446977;0.08414662629;-0.08261945844;5
15.10385403;-1.612762451;1.03848505;10.1024971;15.11184663;0.2574795187;0.07925970852;-0.08261945844;5
15.10595569;-1.698904037;1.100698471;10.03071213;15.1139483;0.2501491308;0.07070759684;-0.08261945844;5
15.10805731;-1.780260086;1.143769264;9.939785004;15.11604991;0.2452622056;0.05849030241;-0.08384118974;5
15.11015897;-1.804188251;1.153340459;9.872786522;15.11815158;0.2379318327;0.04993819445;-0.08750637621;5
15.11226059;-1.775474429;1.158126116;9.853643417;15.12025319;0.231823191;0.04505127668;-0.08750637621;5
15.11436226;-1.775474429;1.148554921;9.858428955;15.12235486;0.2208276242;0.0426078178;-0.08261945844;5
15.11646387;-1.842473388;1.138983607;9.815358162;15.12445653;0.2134972364;0.03161225095;-0.07162389904;5
15.11856554;-1.962114573;1.172483087;9.714859962;15.12655814;0.2037234008;0.01939495653;-0.05940660089;5
15.12066715;-2.11046958;1.258624673;9.595218658;15.12865981;0.1939495653;0.007177661173;-0.04230238497;5
15.12276882;-2.177468538;1.349551916;9.556933403;15.13076142;0.1866191924;-0.008704823442;-0.02519817278;5
15.12487048;-2.230110645;1.430907965;9.576076508;15.13286309;0.1756236255;-0.01481347065;-0.008093958721;5
15.1269721;-2.292324066;1.50269258;9.595218658;15.1349647;0.1646280587;-0.01725693047;0.007788525894;5
15.12907377;-2.349751949;1.574477315;9.561718941;15.13706637;0.1548542231;-0.02580903657;0.02489273995;5
15.13117538;-2.402393818;1.579262972;9.494720459;15.13916798;0.1450803876;-0.03191768378;0.03955349326;5
15.13327705;-2.440679073;1.560120344;9.418149948;15.14126965;0.1389717311;-0.03680460155;0.05177079141;5
15.13537866;-2.392822742;1.536192179;9.418149948;15.14337127;0.1328630894;-0.03924806044;0.06520981342;5
15.13748033;-2.330609322;1.517049551;9.552147865;15.14547293;0.1267544478;-0.03680460155;0.07987056673;5
15.13958194;-2.325823545;1.526620865;9.619147301;15.1475746;0.1206457913;-0.02825249545;0.09575305134;5
15.14168361;-2.368894339;1.536192179;9.614361763;15.14967621;0.1157588735;-0.02336557768;0.1128572673;5
15.14378522;-2.402393818;1.579262972;9.590433121;15.15177783;0.1157588735;-0.02214384824;0.1287397593;5
15.14588689;-2.416750908;1.588834286;9.623932838;15.1538795;0.1157588735;-0.02703076601;0.1470656991;5
15.14798856;-2.407179594;1.593619823;9.710074425;15.15598116;0.1133154184;-0.03191768378;0.161726445;5
15.15009017;-2.373680115;1.526620865;9.801001549;15.15808278;0.1182023361;-0.0294742249;0.177608937;5
15.15219179;-2.321038008;1.488335729;9.911071777;15.16018439;0.1182023361;-0.02580903657;0.1898262352;5
15.15429345;-2.263610125;1.426122308;9.958928108;15.16228606;0.1230892539;-0.02214384824;0.200821802;5
15.15639512;-2.220539331;1.368694544;9.925428391;15.16438772;0.1267544478;-0.01847865991;0.2081521749;5
15.15849674;-2.172683001;1.306481123;9.896714211;15.16648939;0.1316413581;-0.01359174121;0.2154825479;5
15.16059835;-2.048256159;1.268195987;9.949356079;15.16859101;0.1353065521;-0.003817904973;0.2167042792;5
15.16270002;-1.93340075;1.186840057;10.05464077;15.17069267;0.1389717311;0.0108428495;0.2191477418;5
15.16480168;-1.832902193;1.143769264;10.11206818;15.17279429;0.142636925;0.02550360374;0.2203694731;5
15.16690335;-1.727617979;1.110269666;10.08335495;15.17489595;0.1475238502;0.03894263133;0.2191477418;5
15.16900496;-1.617548108;1.014556766;10.04028416;15.17699757;0.1536324918;0.05482511222;0.2215912044;5
15.17110663;-1.560120344;0.9523434043;10.04985523;15.17909918;0.1560759544;0.06582067907;0.2228129357;5
15.17320825;-1.483550072;0.94277215;10.08335495;15.18120085;0.1609628648;0.07681624591;0.2228129357;5
15.17530991;-1.450050473;0.9332008362;10.12642574;15.18330252;0.1621845961;0.08170316368;0.2228129357;5
15.17741153;-1.40697968;0.94277215;10.13599682;15.18540413;0.1670715213;0.0975856483;0.2203694731;5
15.17951314;-1.349551916;0.9284151793;10.10728264;15.1875058;0.1670715213;0.1049160287;0.2154825479;5
15.18161481;-1.258624673;0.8709874153;10.09292603;15.18960746;0.1731801629;0.1171333194;0.2081521749;5
15.18371647;-1.186840057;0.8087740541;10.11206818;15.19170908;0.1792888194;0.1305723488;0.2032652497;5
15.18581809;-1.13419795;0.7274180651;10.17428207;15.19381069;0.1866191924;0.1476765573;0.1971566081;5
15.18791976;-1.13419795;0.6652047038;10.23170948;15.19591236;0.1951712966;0.1660024971;0.1934914142;5
15.19002142;-1.129412293;0.6029912829;10.29392338;15.19801403;0.2098320574;0.1831067204;0.1873827726;5
15.19212304;-1.158126116;0.5551348329;10.39442158;15.20011564;0.2244928032;0.1953240186;0.18493931;5
15.19422465;-1.201196909;0.5072783828;10.51406288;15.20221731;0.2403752953;0.2087630332;0.1824958473;5
15.19632632;-1.244267821;0.5072783828;10.62891865;15.20431892;0.2562577724;0.2185368687;0.1824958473;5
15.19842798;-1.306481123;0.4737788737;10.73898792;15.20642059;0.2721402645;0.2295324355;0.1800523996;5
15.2005296;-1.368694544;0.4498506486;10.84905815;15.2085222;0.2916879356;0.2344193608;0.1788306683;5
15.20263127;-1.421336651;0.4354937077;10.86341476;15.21062387;0.3124573231;0.2393062711;0.1763872057;5
15.20473288;-1.464407444;0.4115654826;10.90170002;15.21272554;0.3344484568;0.2393062711;0.1751654744;5
15.20683455;-1.473978758;0.3780659735;10.92084217;15.21482715;0.3527744114;0.2405280024;0.1702785641;5
15.20893616;-1.459621787;0.3589234054;10.93998528;15.21692877;0.3723220825;0.2380845547;0.1641699076;5
15.21103783;-1.435693622;0.3445664644;10.9112711;15.21903043;0.3918697536;0.2368628234;0.1605047137;5
15.2131395;-1.392622828;0.3206382394;10.86341476;15.22113205;0.4101957083;0.2344193608;0.1556178033;5
15.21524111;-1.387837172;0.3110669553;10.80120182;15.22323371;0.4236347377;0.2331976295;0.1519526094;5
15.21734272;-1.373480201;0.3493520916;10.73420238;15.22533533;0.4395172;0.2295324355;0.1482874304;5
15.21944439;-1.397408366;0.3732803464;10.63370419;15.22743705;0.4505127668;0.2234237939;0.1421787739;5
15.22154601;-1.40697968;0.4211367965;10.54277611;15.22953866;0.4627300799;0.2173151523;0.1385135949;5
15.22364767;-1.402194023;0.4594219327;10.44706345;15.23164028;0.4676169753;0.2136499584;0.134848401;5
15.22574929;-1.373480201;0.5072783828;10.36092186;15.23374194;0.4725039005;0.2075413018;0.131183207;5
15.22785101;-1.383051515;0.5742774606;10.22692394;15.23584361;0.4749473631;0.2050978541;0.127518028;5
15.22995262;-1.383051515;0.626919508;10.06899738;15.23794522;0.4773908257;0.2038761228;0.1250745654;5
15.23205424;-1.402194023;0.6891329288;9.925428391;15.24004689;0.4761691093;0.2038761228;0.1214093715;5
15.2341559;-1.430907965;0.7178468108;9.767501831;15.24214851;0.4688387215;0.2002109289;0.1140789986;5
15.23625757;-1.421336651;0.7657032609;9.566504478;15.24425012;0.4651735425;0.1989891976;0.1104138121;5
15.23835918;-1.397408366;0.7752745152;9.432506561;15.24635179;0.4553996921;0.192880556;0.1055268943;5
15.24046085;-1.344766378;0.784845829;9.303294182;15.24845345;0.4468475878;0.1904370934;0.1018617004;5
15.24256246;-1.325623751;0.8231309652;9.121439934;15.25055507;0.4407389462;0.1879936308;0.1030834317;5
15.24466408;-1.292124271;0.866201818;8.997013092;15.25265674;0.4272999167;0.1892153621;0.1067486182;5
15.24676575;-1.330409408;0.9236295223;8.930013657;15.25475835;0.4138608873;0.1867718995;0.1128572673;5
15.24886741;-1.411765337;1.019342422;8.834300995;15.25686002;0.3992001414;0.1855501831;0.117744185;5
15.25096903;-1.483550072;1.100698471;8.719446182;15.25896168;0.382095933;0.1794415265;0.1262962967;5
15.25307069;-1.564906001;1.1820544;8.604590416;15.2610633;0.3686569035;0.1769980639;0.134848401;5
15.25517231;-1.59840548;1.210768223;8.556734085;15.26316496;0.351552695;0.1782197952;0.1397353113;5
15.25727397;-1.612762451;1.234696507;8.523234367;15.26526658;0.3344484568;0.1806632578;0.1470656991;5
15.25937564;-1.64626193;1.272981644;8.408378601;15.26736824;0.3173442483;0.1782197952;0.1531743407;5
15.26147726;-1.660618901;1.287338614;8.346165657;15.26946986;0.3014617562;0.1745546162;0.1605047137;5
15.26357892;-1.64626193;1.325623751;8.36052227;15.27157147;0.2831358314;0.1708894223;0.1629481763;5
15.26568054;-1.627119422;1.35912323;8.341380119;15.27367314;0.2696968019;0.169667691;0.1653916389;5
15.2677822;-1.555334687;1.339980721;8.303094864;15.27577481;0.2538143098;0.1721111536;0.1702785641;5
15.26988382;-1.517049551;1.301695466;8.374878883;15.27787642;0.242818743;0.1818849891;0.177608937;5
15.27198543;-1.55054903;1.258624673;8.427521706;15.27997809;0.2330449075;0.1892153621;0.1886045039;5
15.2740871;-1.593619823;1.272981644;8.437092781;15.28207976;0.2232710719;0.1989891976;0.200821802;5
15.27618877;-1.689332843;1.31126678;8.456234932;15.28418137;0.2134972364;0.2087630332;0.2142608166;5
15.27829038;-1.780260086;1.349551916;8.475378036;15.28628304;0.2098320574;0.2234237939;0.2289215773;5
15.28039205;-1.842473388;1.392622828;8.551948547;15.28838465;0.2049451321;0.2331976295;0.2435823381;5
15.28249371;-1.895115495;1.402194023;8.647661209;15.29048632;0.2012799382;0.2380845547;0.2533561587;5
15.28459533;-1.895115495;1.383051515;8.647661209;15.29258798;0.1988364905;0.2319758981;0.261908263;5
15.286697;-1.914258122;1.325623751;8.685946465;15.2946896;0.2012799382;0.2319758981;0.2680169344;5
15.28879861;-1.765903115;1.272981644;8.839086533;15.29679121;0.2049451321;0.2331976295;0.277790755;5
15.29090028;-1.674975872;1.21555388;9.016156197;15.29889288;0.2098320574;0.2405280024;0.2851211429;5
15.29300194;-1.689332843;1.172483087;9.150154114;15.3009945;0.2110537887;0.2466366589;0.2961167097;5
15.29510356;-1.732403636;1.1820544;9.193224907;15.30309616;0.2110537887;0.2515235841;0.3071122766;5
15.29720517;-1.799402595;1.162911773;9.183652878;15.30519778;0.2171624303;0.2551887631;0.320551306;5
15.29930684;-1.866401672;1.158126116;9.164510727;15.30729944;0.2171624303;0.2564104795;0.3315468729;5
15.30140845;-1.875972986;1.158126116;9.17886734;15.30940106;0.2171624303;0.2600756884;0.3425424397;5
15.30351012;-1.866401672;1.148554921;9.221938133;15.31150272;0.2196058929;0.2588539422;0.3523162603;5
15.30561174;-1.799402595;1.143769264;9.217152596;15.31360439;0.2220493406;0.2600756884;0.3620901108;5
15.3077134;-1.737189293;1.129412293;9.255437851;15.31570601;0.2208276242;0.262519151;0.3657552898;5
15.30981502;-1.641476393;1.115055323;9.231510162;15.31780767;0.2220493406;0.2637408674;0.370642215;5
15.31191668;-1.555334687;1.071984529;9.17886734;15.31990929;0.2232710719;0.2674060464;0.3718639314;5
15.31401835;-1.459621787;1.024128079;9.159725189;15.32201095;0.2232710719;0.269849509;0.370642215;5
15.31611996;-1.397408366;0.9667003751;9.188439369;15.32411262;0.2244928032;0.2735147178;0.370642215;5
15.31822163;-1.344766378;0.9475577474;9.226723671;15.32621424;0.2244928032;0.2796233594;0.370642215;5
15.32032324;-1.320838094;0.9332008362;9.193224907;15.3283159;0.2244928032;0.2820668221;0.370642215;5
15.32242491;-1.282552958;0.9571290612;9.145368576;15.33041752;0.2244928032;0.2771798968;0.370642215;5
15.32452658;-1.253839016;0.94277215;9.087940216;15.33251918;0.2244928032;0.269849509;0.3681987524;5
15.32662819;-1.205982566;0.9667003751;9.092725754;15.3346208;0.2183841616;0.2576322258;0.3669770062;5
15.32872986;-1.153340459;0.9619147182;9.083154678;15.33672246;0.215940699;0.2503018379;0.3645335436;5
15.33083147;-1.110269666;0.9379864931;9.107083321;15.33882408;0.2086103261;0.2393062711;0.3596466482;5
15.33293314;-1.081555843;0.8949156404;9.107083321;15.34092575;0.2037234008;0.2307541668;0.3559814394;5
15.33503476;-1.062413216;0.8614161611;9.054440498;15.34302741;0.1951712966;0.2222020626;0.3535379767;5
15.33713642;-1.048056364;0.8470591903;8.977870941;15.34512903;0.1951712966;0.2136499584;0.3510945439;5
15.33923804;-1.028913736;0.813559711;8.944371223;15.34723069;0.189062655;0.2063195854;0.3498727977;5
15.3413397;-1.03848505;0.8231309652;8.97308445;15.34933231;0.1878409237;0.2026543915;0.3523162603;5
15.34344137;-1.0863415;0.837487936;9.020941734;15.35143397;0.1878409237;0.1989891976;0.3523162603;5
15.34554299;-1.129412293;0.8757730722;9.087940216;15.35353559;0.1866191924;0.192880556;0.3535379767;5
15.34764465;-1.172483087;0.8997012973;9.107083321;15.35563726;0.1841757298;0.1843284518;0.3547597229;5
15.34974627;-1.1820544;0.8949156404;9.126225471;15.35773887;0.1853974611;0.1745546162;0.3572031856;5
15.35184793;-1.177268744;0.9092726111;9.150154114;15.35984054;0.1853974611;0.1672242284;0.3608683646;5
15.35394955;-1.172483087;0.9092726111;9.193224907;15.3619422;0.1853974611;0.1611155868;0.3620901108;5
15.35605121;-1.153340459;0.9332008362;9.198010445;15.36404382;0.1866191924;0.1550069451;0.3669770062;5
15.35815283;-1.16769743;0.94277215;9.121439934;15.36614543;0.1853974611;0.1550069451;0.370642215;5
15.3602545;-1.172483087;0.9571290612;9.068798065;15.3682471;0.1853974611;0.1550069451;0.3730856776;5
15.36235616;-1.16769743;1.019342422;9.020941734;15.37034877;0.1829539984;0.1562286615;0.377972573;5
15.36445778;-1.162911773;1.048056364;8.982656479;15.37245038;0.1792888194;0.1611155868;0.3840812445;5
15.36655939;-1.153340459;1.095912814;8.949156761;15.374552;0.1780670881;0.169667691;0.3914116025;5
15.36866106;-1.124626637;1.115055323;8.920442581;15.37665366;0.1768453568;0.1757763475;0.3962985277;5
15.37076272;-1.110269666;1.129412293;8.834300995;15.37875533;0.1780670881;0.1843284518;0.4024071693;5
15.37286434;-1.091127157;1.11984098;8.752944946;15.38085694;0.1780670881;0.1953240186;0.4072940946;5
15.37496595;-1.024128079;1.0863415;8.824729919;15.38295861;0.1792888194;0.2136499584;0.4146244824;5
15.37706762;-1.009771109;1.081555843;8.910871506;15.38506022;0.1853974611;0.2331976295;0.4231765866;5
15.37916929;-1.004985452;1.0863415;8.886942863;15.38716189;0.1878409237;0.2515235841;0.4329504073;5
15.3812709;-1.000199914;1.11984098;8.819944382;15.38926356;0.1915061027;0.2722929716;0.4427242577;5
15.38337257;-1.004985452;1.148554921;8.776873589;15.39136517;0.1963930279;0.2918406427;0.4524980783;5
15.38547418;-1.004985452;1.196411371;8.781659126;15.39346684;0.1976147592;0.3003927469;0.45860672;5
15.38757585;-0.9714859724;1.220339537;8.781659126;15.39556845;0.2025016695;0.3138317764;0.4634936452;5
15.38967752;-0.9236295223;1.21555388;8.743373871;15.39767012;0.2037234008;0.3333794475;0.4659371078;5
15.39177913;-0.8231309652;1.186840057;8.776873589;15.39977174;0.2061668634;0.3590357602;0.4683805704;5
15.3938808;-0.7226324677;1.16769743;8.781659126;15.4018734;0.2073885947;0.3883572817;0.4696022868;5
15.39598241;-0.6556333899;1.153340459;8.738588333;15.40397507;0.2086103261;0.4176788032;0.4732674956;5
15.39808408;-0.6412764788;1.186840057;8.614161491;15.40607668;0.2049451321;0.4445568323;0.4781544209;5
15.40018569;-0.6412764788;1.225125194;8.547162056;15.40817835;0.2025016695;0.4677697122;0.4805978537;5
15.40228736;-0.6221339107;1.249053478;8.504091263;15.41027996;0.2000582218;0.4873173833;0.4818195999;5
15.40438903;-0.5838487148;1.282552958;8.441878319;15.41238158;0.1951712966;0.501978159;0.4805978537;5
15.40649064;-0.5407779217;1.253839016;8.408378601;15.41448325;0.1902843714;0.5141954422;0.4781544209;5
15.40859231;-0.4737788737;1.220339537;8.427521706;15.41658746;0.1792888194;0.5276344419;0.4769326746;5
15.41069392;-0.4067798555;1.205982566;8.470592499;15.41868653;0.169514969;0.5361865759;0.4769326746;5
15.41279554;-0.4115654826;1.234696507;8.413164139;15.42078814;0.1609628648;0.5435169339;0.4781544209;5
15.4148972;-0.4307080805;1.277767301;8.327022552;15.42288981;0.1475238502;0.5435169339;0.4781544209;5
15.41700142;-0.4689932466;1.292124271;8.264809608;15.42499147;0.1353065521;0.5374082923;0.4781544209;5
15.41910049;-0.5120640397;1.282552958;8.307880402;15.42709309;0.1218675226;0.5312996507;0.4769326746;5
15.4212021;-0.5551348329;1.268195987;8.341380119;15.42919476;0.1096502244;0.5215258002;0.4769326746;5
15.42330377;-0.6029912829;1.244267821;8.374878883;15.43129637;0.09865466505;0.5105302334;0.4781544209;5
15.42540543;-0.626919508;1.229910851;8.398807526;15.43339804;0.08399390429;0.4922043085;0.4793761373;5
15.42750705;-0.6652047038;1.210768223;8.437092781;15.43549965;0.07177661359;0.4689914286;0.4818195999;5
15.42960871;-0.6747759581;1.234696507;8.465806961;15.43760132;0.05833758786;0.4457785785;0.4854847789;5
15.43171033;-0.679561615;1.201196909;8.523234367;15.43970298;0.04489856213;0.4213439822;0.4867065251;5
15.433812;-0.6843472719;1.177268744;8.609375954;15.4418046;0.0314595364;0.3993528485;0.4891499579;5
15.43591361;-0.7178468108;1.16769743;8.618947029;15.44390627;0.01924224012;0.3761399984;0.4915934205;5
15.43801528;-0.7369893789;1.16769743;8.623732567;15.44600788;0.01069013402;0.3553705812;0.4915934205;5
15.44011694;-0.70348984;1.16769743;8.676374435;15.44810955;-0.0003054323897;0.3370446563;0.4891499579;5
15.44221856;-0.6747759581;1.153340459;8.791230202;15.45021116;-0.01130099874;0.3236056268;0.4867065251;5
15.44432022;-0.650847733;1.158126116;8.877371788;15.45231283;-0.01740964688;0.3089448512;0.4854847789;5
15.44642184;-0.6173482537;1.158126116;8.930013657;15.4544145;-0.02840521187;0.2906189263;0.4830413163;5
15.44852351;-0.6125625968;1.143769264;8.934800148;15.45651611;-0.03084867075;0.2710712552;0.4781544209;5
15.45062512;-0.6221339107;1.138983607;8.934800148;15.45861772;-0.03451386094;0.2490801066;0.4781544209;5
15.45272679;-0.6077769399;1.105484009;9.00179863;15.46071939;-0.03695731983;0.2234237939;0.4769326746;5
15.45482845;-0.5982056856;1.081555843;9.135796547;15.46282106;-0.03817904741;0.1965457499;0.474489212;5
15.45693007;-0.5551348329;1.062413216;9.221938133;15.46492267;-0.0418442376;0.1769980639;0.4720457494;5
15.45903168;-0.5264210105;1.004985452;9.2362957;15.46702434;-0.04917461425;0.1598938555;0.4683805704;5
15.46113335;-0.4977070987;0.94277215;9.217152596;15.46912595;-0.05039634556;0.146454826;0.4634936452;5
15.46323502;-0.4594219327;0.890130043;9.154939651;15.47122762;-0.05161807314;0.1354592592;0.4610501826;5
15.46533663;-0.4354937077;0.837487936;9.102297783;15.47332929;-0.05650499091;0.1293506175;0.4598284662;5
15.4674383;-0.4211367965;0.8518448472;9.126225471;15.4754309;-0.05772672221;0.1244636998;0.45860672;5
15.46953991;-0.4259224236;0.8949156404;9.159725189;15.47753257;-0.06139190868;0.1220202371;0.4537198246;5
15.47164158;-0.4259224236;0.9714859724;9.154939651;15.47963418;-0.06383536756;0.1110246703;0.4512763619;5
15.47374325;-0.4067798555;1.004985452;9.111868858;15.4817358;-0.06750056148;0.1000291109;0.4439459741;5
15.47584486;-0.3493520916;1.009771109;9.092725754;15.48383746;-0.06872228533;0.08903354406;0.4378373325;5
15.47794653;-0.2823530734;0.9810572863;9.078369141;15.48593913;-0.0736092031;0.08292489499;0.4317286909;5
15.48004814;-0.2009970993;0.9284151793;9.126225471;15.48804075;-0.07605266571;0.08048143238;0.428063482;5
15.48214976;-0.1579262912;0.9284151793;9.068798065;15.49014241;-0.07849612087;0.08414662629;0.4231765866;5
15.48425142;-0.1148554832;0.9571290612;9.006584167;15.49224408;-0.08216131479;0.09025526792;0.4195113778;5
15.48635309;-0.09571290761;0.9906286001;8.944371223;15.49434569;-0.08704823256;0.1024725661;0.4170679152;5
15.4884547;-0.08614161611;1.048056364;8.891729355;15.49644731;-0.09193515033;0.1171333194;0.4121810198;5
15.49055637;-0.04307080805;1.067198873;8.858229637;15.49854897;-0.09437860548;0.1305723488;0.408515811;5
15.49265804;-0.0239282269;1.0863415;8.848658562;15.50065064;-0.09437860548;0.1440113783;0.404850632;5
15.49475965;-0.04785645381;1.100698471;8.824729919;15.50275226;-0.09560033679;0.1574503928;0.404850632;5
15.49686127;-0.04785645381;1.105484009;8.877371788;15.50485392;-0.09560033679;0.1757763475;0.4036289155;5
15.49896293;-0.08135596663;1.115055323;8.915657043;15.50695554;-0.09193515033;0.1977674663;0.4024071693;5
15.5010646;-0.1004985496;1.158126116;8.886942863;15.5090572;-0.08704823256;0.2148716897;0.404850632;5
15.50316621;-0.1052841991;1.153340459;8.867800713;15.51115887;-0.08216131479;0.2319758981;0.404850632;5
15.50526788;-0.1100698411;1.201196909;8.992227554;15.51326049;-0.08093958348;0.2478583902;0.408515811;5
15.5073695;-0.1292124242;1.196411371;9.097511292;15.51536215;-0.07849612087;0.2600756884;0.4097375572;5
15.50947116;-0.1770688742;1.210768223;9.140582085;15.51746377;-0.0736092031;0.2710712552;0.4121810198;5
15.51157283;-0.2249253243;1.1820544;9.140582085;15.51956538;-0.06872228533;0.2820668221;0.4134027362;5
15.51367444;-0.2392822653;1.143769264;9.126225471;15.52166705;-0.06383536756;0.2979492843;0.4158461988;5
15.51577611;-0.2584248483;1.100698471;9.188439369;15.52376871;-0.05650499091;0.3113883138;0.4195113778;5
15.51787772;-0.2967100143;1.124626637;9.274580956;15.52587033;-0.05161807314;0.3223838806;0.4268417656;5
15.51997934;-0.3206382394;1.158126116;9.293723106;15.527972;-0.04550942779;0.3309359848;0.4329504073;5
15.52208101;-0.3732803464;1.186840057;9.274580956;15.53007361;-0.03940077871;0.3346011937;0.4390590489;5
15.52418267;-0.3828516304;1.186840057;9.288937569;15.53217522;-0.03451386094;0.3370446563;0.4463894367;5
15.52628429;-0.4067798555;1.172483087;9.346364975;15.53427689;-0.02596175298;0.3443750143;0.454941541;5
15.52838595;-0.4067798555;1.1820544;9.403793335;15.53637856;-0.02107483521;0.3504836559;0.4610501826;5
15.53048757;-0.4402793646;1.191625714;9.403793335;15.53848022;-0.01618791744;0.3529271185;0.4659371078;5
15.53258918;-0.4689932466;1.220339537;9.41336441;15.54058184;-0.01252272818;0.3553705812;0.4696022868;5
15.53469085;-0.4785645306;1.205982566;9.389435768;15.54268351;-0.01130099874;0.3578140438;0.4732674956;5
15.53679252;-0.4785645306;1.220339537;9.38465023;15.54478512;-0.0100792693;0.3541488647;0.4781544209;5
15.53889418;-0.4833501875;1.21555388;9.399007797;15.54688679;-0.008857538924;0.3455967605;0.4818195999;5
15.5409958;-0.4785645306;1.220339537;9.38465023;15.5489884;-0.006414080039;0.3358229101;0.4867065251;5
15.54309746;-0.5072783828;1.201196909;9.355937004;15.55109007;-0.006414080039;0.3248273432;0.4915934205;5
15.54519908;-0.5216353536;1.162911773;9.389435768;15.55319168;-0.0100792693;0.3113883138;0.4952586293;5
15.54730075;-0.5647061467;1.153340459;9.427721024;15.55529335;-0.01130099874;0.2991710305;0.5001455545;5
15.54940236;-0.6221339107;1.186840057;9.432506561;15.55739502;-0.01618791744;0.2832885385;0.5038107038;5
15.55150403;-0.6460621357;1.220339537;9.3367939;15.55949663;-0.02229656465;0.2674060464;0.5111411214;5
15.55360564;-0.6412764788;1.258624673;9.226723671;15.56159824;-0.02718348242;0.2454149276;0.5148062706;5
15.55570731;-0.5790630579;1.277767301;9.174081802;15.56369991;-0.03329212964;0.2185368687;0.5184714794;5
15.55780897;-0.5216353536;1.296909928;9.159725189;15.56580158;-0.03817904741;0.1953240186;0.5209149122;5
15.55991059;-0.4594219327;1.292124271;9.140582085;15.56790319;-0.04673115537;0.1708894223;0.5196931958;5
15.5620122;-0.4067798555;1.287338614;9.121439934;15.57000486;-0.05528326333;0.1452330947;0.5160280466;5
15.56411387;-0.3206382394;1.244267821;9.135796547;15.57210647;-0.06383536756;0.1183550507;0.508697629;5
15.56621554;-0.2536391914;1.201196909;9.087940216;15.57420814;-0.0736092031;0.09025526792;0.5013672709;5
15.56831715;-0.1483550072;1.162911773;9.073583603;15.57630976;-0.08460476995;0.06337722391;0.4891499579;5
15.57041882;-0.05264209956;1.105484009;9.025727272;15.57841142;-0.09315688163;0.03283398226;0.4757109582;5
15.57252043;0.0382851623;1.067198873;9.025727272;15.58051309;-0.1053741723;0.004734201822;0.4610501826;5
15.5746221;0.1387837082;1.004985452;9.020941734;15.5826147;-0.1127045527;-0.02703076601;0.4427242577;5
15.57672371;0.2153540403;0.9475577474;9.011369705;15.58471637;-0.1224783882;-0.05757400393;0.4268417656;5
15.57882538;0.2775674164;0.8997012973;9.054440498;15.58681799;-0.1310304999;-0.08323032409;0.408515811;5
15.58092705;0.3349951804;0.8614161611;9.068798065;15.58891965;-0.1395826042;-0.1113301069;0.3938550651;5
15.58302866;0.3637090325;0.8422735929;9.092725754;15.59102127;-0.1444695145;-0.1369864196;0.3816377819;5
15.58513033;0.3828516304;0.8422735929;9.121439934;15.59312293;-0.150578171;-0.1589775532;0.370642215;5
15.58723194;0.3541377485;0.8709874153;9.164510727;15.59522455;-0.15424335;-0.1821904182;0.358424902;5
15.58933361;0.3158525825;0.890130043;9.20758152;15.59732621;-0.1554650813;-0.2078467458;0.3498727977;5
15.59143522;0.2823530734;0.9188438654;9.221938133;15.59942788;-0.1566868126;-0.2286161482;0.3425424397;5
15.59353689;0.2105683982;0.8997012973;9.274580956;15.6015295;-0.1530216336;-0.2420551628;0.3339903057;5
15.59563851;0.2153540403;0.8757730722;9.399007797;15.60363116;-0.15424335;-0.2518289983;0.327881664;5
15.59774017;0.1914258152;0.890130043;9.44207859;15.60573278;-0.1530216336;-0.2603811026;0.3266599476;5
15.59984184;0.1531406492;0.9236295223;9.446864128;15.60783439;-0.15424335;-0.2713766694;0.3266599476;5
15.60194345;0.09571290761;1.000199914;9.403793335;15.60993606;-0.1554650813;-0.2835939825;0.3291034102;5
15.60404512;0.0239282269;1.0863415;9.38465023;15.61203772;-0.1591302752;-0.2982547283;0.3327685893;5
15.60614674;-0.0382851623;1.138983607;9.293723106;15.61413934;-0.1603520066;-0.3116937578;0.3413206935;5
15.60824835;-0.07178468257;1.201196909;9.293723106;15.61624101;-0.1615737379;-0.3214675784;0.3510945439;5
15.61035002;-0.1004985496;1.21555388;9.274580956;15.61834262;-0.1652389169;-0.3287979662;0.3596466482;5
15.61245168;-0.1244267747;1.239482164;9.255437851;15.62044429;-0.1676823795;-0.3300196826;0.3669770062;5
15.6145533;-0.1387837082;1.268195987;9.212367058;15.62254595;-0.1689041108;-0.3336848915;0.3755291104;5
15.61665496;-0.1387837082;1.258624673;9.154939651;15.62464757;-0.1725693047;-0.3287979662;0.3804160357;5
15.61875658;-0.1531406492;1.21555388;9.078369141;15.62674924;-0.177456215;-0.3190241456;0.3877464235;5
15.62085824;-0.08614161611;1.191625714;9.087940216;15.62885085;-0.1798996776;-0.3043633699;0.3926333487;5
15.62295991;-0.05264209956;1.172483087;9.064012527;15.63095252;-0.1811214089;-0.2860374451;0.3987419903;5
15.62506153;-0.01914258115;1.205982566;8.944371223;15.63305413;-0.1860083193;-0.270154953;0.4060723484;5
15.62716319;0.04307080805;1.258624673;8.87258625;15.6351558;-0.1896735132;-0.25793764;0.4121810198;5
15.62926481;0.1052841991;1.301695466;8.815158844;15.63725741;-0.1908952445;-0.2432768941;0.4170679152;5
15.63136647;0.1866401732;1.330409408;8.815158844;15.63935908;-0.1908952445;-0.2261726856;0.4219548404;5
15.63346809;0.3062812984;1.330409408;8.858229637;15.64146069;-0.1908952445;-0.2054032832;0.428063482;5
15.63556976;0.4115654826;1.306481123;8.915657043;15.64356236;-0.1933387071;-0.1846338809;0.4317286909;5
15.63767137;0.4642075896;1.301695466;8.896514893;15.64566397;-0.1945604384;-0.1650862098;0.4329504073;5
15.63977304;0.4881358147;1.258624673;8.772088051;15.64776564;-0.1945604384;-0.1418733448;0.4378373325;5
15.64187465;0.5647061467;1.210768223;8.791230202;15.64986726;-0.1957821548;-0.1149952933;0.4390590489;5
15.64397632;0.6556333899;1.153340459;8.84387207;15.65196892;-0.20066908;-0.086895518;0.4402807951;5
15.64607793;0.7369893789;1.11984098;8.791230202;15.65407059;-0.2018908113;-0.05879573524;0.4415025115;5
15.6481796;0.813559711;1.091127157;8.776873589;15.6561722;-0.20066908;-0.03069595434;0.4415025115;5
15.65028121;0.866201818;1.0863415;8.800801277;15.65827387;-0.20066908;0.002290742937;0.4390590489;5
15.65238288;0.9188438654;1.052842021;8.848658562;15.66037549;-0.1921169758;0.03527744114;0.4353938699;5
15.65448455;1.028913736;1.000199914;8.987442017;15.66247715;-0.1860083193;0.07315105945;0.4292852283;5
15.65658616;1.100698471;0.9475577474;9.145368576;15.66457882;-0.1798996776;0.1110246703;0.4256200492;5
15.65868783;1.148554921;0.9379864931;9.20758152;15.66668043;-0.1725693047;0.1513417512;0.420733124;5
15.66078944;1.153340459;0.9188438654;9.217152596;15.66878205;-0.1640172005;0.1855501831;0.4170679152;5
15.66289111;1.153340459;0.8997012973;9.284152031;15.67088371;-0.1481347084;0.2112064958;0.4146244824;5
15.66499278;1.100698471;0.8949156404;9.36550808;15.67298533;-0.1346956789;0.2368628234;0.4121810198;5
15.66709439;1.052842021;0.866201818;9.537791252;15.675087;-0.1212566569;0.2674060464;0.4097375572;5
15.66919601;1.052842021;0.8709874153;9.781859398;15.67718866;-0.1078176349;0.2967275679;0.4109592736;5
15.67129767;1.033699393;0.8853443861;9.949356079;15.67929028;-0.09437860548;0.3248273432;0.4121810198;5
15.67339929;0.9619147182;0.9379864931;9.992427826;15.68139194;-0.08093958348;0.3504836559;0.4158461988;5
15.67550095;0.8422735929;0.9954141974;10.03071213;15.68349356;-0.06627883017;0.3724747896;0.4231765866;5
15.67760262;0.732203722;1.014556766;10.05942631;15.68559522;-0.05039634556;0.3883572817;0.428063482;5
15.67970424;0.6604190469;1.043270707;10.12164021;15.68769684;-0.03573558852;0.3981311321;0.4329504073;5
15.6818059;0.6699903607;1.03848505;10.29392338;15.68979851;-0.01985310577;0.4079049528;0.4378373325;5
15.68390752;0.679561615;1.033699393;10.45663452;15.69190017;-0.002748891478;0.4115701318;0.4415025115;5
15.68600918;0.650847733;1.019342422;10.57627583;15.69400179;0.01435532235;0.4103484154;0.4402807951;5
15.6881108;0.6029912829;0.9619147182;10.63848972;15.69610345;0.02901607752;0.4030180275;0.4415025115;5
15.69021246;0.6029912829;0.9044869542;10.77248764;15.69820507;0.04001164436;0.3956876695;0.4366155863;5
15.69231413;0.6652047038;0.8709874153;10.95434189;15.70030674;0.05100720748;0.3798051775;0.4329504073;5
15.69441574;0.7178468108;0.866201818;10.96391296;15.70240835;0.05711585656;0.3614792228;0.424398303;5
15.69651741;0.756131947;0.8805587292;10.91605663;15.70451002;0.05955931544;0.3309359848;0.4158461988;5
15.69861903;0.8087740541;0.8709874153;10.85862923;15.70661163;0.06444623321;0.2991710305;0.4060723484;5
15.70072069;0.8566305041;0.8518448472;10.88255692;15.7087133;0.06200277433;0.2612974048;0.3914116025;5
15.70282231;0.9284151793;0.8422735929;10.88734341;15.71081496;0.05711585656;0.2209803313;0.3804160357;5
15.70492397;0.9810572863;0.7992027402;10.87298584;15.71291658;0.05345066637;0.1745546162;0.3657552898;5
15.70702559;1.009771109;0.7657032609;10.78205872;15.71501825;0.04367683083;0.1232419685;0.3510945439;5
15.70912726;0.9954141974;0.756131947;10.73420238;15.71711986;0.03390299529;0.06948586553;0.3352120519;5
15.71122892;1.03848505;0.7704889178;10.81555843;15.71922153;0.01802051067;0.01450803876;0.320551306;5
15.71333054;1.0863415;0.7944171429;10.8682003;15.72132314;-0.0003054323897;-0.04046979174;0.308333993;5
15.7154322;1.100698471;0.837487936;10.78205872;15.72342481;-0.02229656465;-0.0978910774;0.2948949635;5
15.71753382;1.062413216;0.8709874153;10.5858469;15.72552642;-0.04550942779;-0.1540906429;0.2851211429;5
15.71963549;1.019342422;0.9236295223;10.41356373;15.72762809;-0.07116574794;-0.2078467458;0.274125576;5
15.7217371;0.9714859724;0.9714859724;10.29392338;15.72972976;-0.0980437994;-0.2628245652;0.2667951882;5
15.72383877;0.9236295223;1.028913736;10.19342422;15.73183137;-0.1249218509;-0.3129154742;0.258243084;5
15.72594038;0.8709874153;1.071984529;10.07856941;15.73393304;-0.1444695145;-0.3642281294;0.2509126961;5
15.72804205;0.8039883971;1.148554921;10.00678444;15.73603465;-0.1640172005;-0.4106538594;0.2472475171;5
15.73014371;0.7992027402;1.191625714;10.05464077;15.73813632;-0.1798996776;-0.4497492015;0.2435823381;5
15.73224533;0.7992027402;1.220339537;10.17428207;15.74023793;-0.1970038861;-0.4827359021;0.2423606068;5
15.734347;0.7704889178;1.26341033;10.18863869;15.7423396;-0.2128863782;-0.5071704984;0.2411388755;5
15.73644861;0.7465606928;1.320838094;10.11206818;15.74444121;-0.223881945;-0.5267181396;0.2435823381;5
15.73855028;0.708275497;1.378265858;10.06899738;15.74654288;-0.2324340492;-0.5364919901;0.2472475171;5
15.74065189;0.6747759581;1.40697968;10.1024971;15.7486445;-0.2385426909;-0.5450441241;0.2521344423;5
15.74275356;0.6699903607;1.45483613;10.11685371;15.75074616;-0.2422078848;-0.5487092733;0.258243084;5
15.74485517;0.6747759581;1.435693622;10.12164021;15.75284778;-0.2397644222;-0.5523744822;0.2655734718;5
15.74695684;0.6891329288;1.473978758;10.14078236;15.75494944;-0.2397644222;-0.5511527658;0.2692386508;5
15.74905845;0.6699903607;1.473978758;10.17428207;15.75705111;-0.2360992432;-0.5389354229;0.274125576;5
15.75116012;0.6747759581;1.459621787;10.24128056;15.75915272;-0.2336557806;-0.5230529904;0.2790125012;5
15.75326174;0.7226324677;1.450050473;10.29392338;15.76125439;-0.2287688553;-0.4949531853;0.2826776803;5
15.7553634;0.7752745152;1.421336651;10.2221384;15.76335601;-0.2214384824;-0.463188231;0.2863428593;5
15.75746507;0.8183453679;1.435693622;10.164711;15.76545767;-0.2141081095;-0.4277580678;0.2912297845;5
15.75956668;0.866201818;1.435693622;10.09292603;15.76755929;-0.2067777216;-0.3911061883;0.2973384261;5
15.76166835;0.9810572863;1.426122308;10.09771156;15.76966095;-0.1970038861;-0.3568977416;0.3010036349;5
15.76376996;1.076770186;1.445264935;10.07378292;15.77176257;-0.1884517819;-0.3178023994;0.3058905303;5
15.76587163;1.11984098;1.483550072;9.973284721;15.77386424;-0.1811214089;-0.2725984156;0.3095557392;5
15.76797324;1.201196909;1.507478237;9.958928108;15.7759659;-0.1713475734;-0.2188423127;0.3107774556;5
15.77007491;1.296909928;1.526620865;9.958928108;15.77806752;-0.1627954692;-0.1675296724;0.3107774556;5
15.77217653;1.430907965;1.531406522;9.906285286;15.78016918;-0.1566868126;-0.1101083755;0.3107774556;5
15.77427819;1.521835208;1.540977836;9.844072342;15.7822708;-0.1493564397;-0.05146535859;0.308333993;5
15.77637986;1.569691658;1.536192179;9.810572624;15.78437246;-0.1420260668;0.004734201822;0.3046688139;5
15.77848147;1.631905079;1.497906923;9.801001549;15.78647413;-0.1334739476;0.05726857483;0.2997818887;5
15.78058314;1.689332843;1.469193101;9.734002113;15.78857575;-0.127365306;0.1098029464;0.2948949635;5
15.78268476;1.741974831;1.430907965;9.743574142;15.79067736;-0.1188132018;0.1562286615;0.2875646055;5
15.78478642;1.794616938;1.402194023;9.801001549;15.79277903;-0.1090393662;0.1965457499;0.2802342176;5
15.78688809;1.856830359;1.363908887;9.863214493;15.79488064;-0.1004872546;0.2319758981;0.274125576;5
15.7889897;1.899901152;1.320838094;9.930213928;15.79698231;-0.09315688163;0.262519151;0.2680169344;5
15.79109132;1.904686809;1.306481123;10.01635551;15.79908392;-0.08460476995;0.2857320011;0.2631300092;5
15.79319299;1.875972986;1.287338614;10.07378292;15.80118559;-0.07727439702;0.3028362095;0.2570213675;5
15.7952946;1.842473388;1.253839016;10.12642574;15.80328726;-0.07116574794;0.3138317764;0.2509126961;5
15.79739627;1.780260086;1.239482164;10.2221384;15.80538887;-0.06261363626;0.3223838806;0.2435823381;5
15.79949788;1.703689694;1.210768223;10.31306553;15.80749054;-0.05894844979;0.3236056268;0.235030219;5
15.80159955;1.631905079;1.186840057;10.39920712;15.80959215;-0.05161807314;0.319940418;0.2252563834;5
15.80370121;1.588834286;1.153340459;10.49013424;15.81169382;-0.04550942779;0.3101665974;0.2142608166;5
15.80580283;1.569691658;1.124626637;10.59063339;15.81379543;-0.03695731983;0.2967275679;0.2032652497;5
15.8079045;1.560120344;1.091127157;10.66241741;15.8158971;-0.03084867075;0.2735147178;0.1898262352;5
15.81000611;1.564906001;1.081555843;10.73898792;15.81799877;-0.02840521187;0.2490801066;0.1763872057;5
15.81210778;1.555334687;1.052842021;10.78684425;15.82010038;-0.0235182941;0.2185368687;0.1629481763;5
15.81420939;1.526620865;1.033699393;10.8107729;15.82220205;-0.01863137633;0.1818849891;0.1507308781;5
15.81631106;1.478764415;1.028913736;10.82034397;15.82430366;-0.01985310577;0.1476765573;0.1385135949;5
15.81841272;1.450050473;1.014556766;10.79641533;15.82640533;-0.01863137633;0.1085812151;0.1250745654;5
15.82051434;1.402194023;1.024128079;10.79641533;15.82850694;-0.0235182941;0.07192932814;0.1128572673;5
15.82261601;1.363908887;1.019342422;10.748559;15.83060861;-0.02718348242;0.03772090003;0.1006399691;5
15.82471762;1.335195065;1.004985452;10.70070267;15.83271022;-0.03084867075;0.002290742937;0.08842267841;5
15.82681929;1.316052437;1.028913736;10.66720295;15.83481189;-0.03451386094;-0.03069595434;0.07987056673;5
15.8289209;1.292124271;1.033699393;10.6480608;15.83691356;-0.03695731983;-0.06490438432;0.06887500733;5
15.83102257;1.258624673;1.071984529;10.61456108;15.83901517;-0.04428769648;-0.09544762224;0.05910116807;5
15.83312418;1.234696507;1.100698471;10.59063339;15.84111679;-0.04428769648;-0.1223256737;0.05177079141;5
15.83522585;1.186840057;1.105484009;10.57149029;15.84321845;-0.04795288667;-0.14676027;0.04444041103;5
15.83732752;1.129412293;1.11984098;10.55713367;15.84532007;-0.05283980444;-0.1663079411;0.03955349326;5
15.83942913;1.067198873;1.16769743;10.5475626;15.84742174;-0.05406153202;-0.1858556122;0.03344484791;5
15.84153075;1.028913736;1.177268744;10.49970531;15.8495234;-0.05650499091;-0.1980729103;0.02611446939;5
15.84363241;1.014556766;1.205982566;10.46620655;15.85162502;-0.05528326333;-0.2090684772;0.02122755162;5
15.84573403;0.9954141974;1.229910851;10.43749237;15.85372668;-0.05650499091;-0.2163988501;0.01511890348;5
15.84783569;1.004985452;1.244267821;10.35135078;15.8558283;-0.0601701811;-0.220064044;0.01023198478;5
15.84993736;1.009771109;1.287338614;10.29392338;15.85792996;-0.05894844979;-0.220064044;0.005345067009;5
15.85203897;0.9954141974;1.320838094;10.25085258;15.86003158;-0.05772672221;-0.2139553875;0.0016798781;5
15.85414064;1.000199914;1.320838094;10.21256733;15.86213324;-0.0601701811;-0.2066250145;-0.001985310577;5
15.85624226;0.9954141974;1.35912323;10.164711;15.86423486;-0.05894844979;-0.196851179;-0.00565049937;5
15.85834392;0.9619147182;1.383051515;10.13121128;15.86633653;-0.05772672221;-0.1834121495;-0.006872228812;5
15.86044554;0.9475577474;1.392622828;10.07856941;15.86843819;-0.05528326333;-0.1687513888;-0.009315688163;5
15.8625472;0.9188438654;1.411765337;10.05464077;15.87053981;-0.05406153202;-0.1553123742;-0.01053741761;5
15.86464882;0.8949156404;1.440479279;10.08814049;15.87264147;-0.05283980444;-0.1394298822;-0.009315688163;5
15.86675048;0.8614161611;1.445264935;10.06899738;15.87474314;-0.04795288667;-0.1259908676;-0.01053741761;5
15.86885215;0.8183453679;1.459621787;10.07856941;15.87684476;-0.04550942779;-0.1113301069;-0.008093958721;5
15.87095377;0.7752745152;1.473978758;10.05942631;15.87894637;-0.0418442376;-0.09666935354;-0.004428769462;5
15.87305543;0.7369893789;1.493121386;10.06899738;15.88104804;-0.03817904741;-0.08323032409;-0.001985310577;5
15.8751571;0.6987041831;1.493121386;10.07856941;15.8831497;-0.03329212964;-0.07345648855;-0.0007635809598;5
15.87725871;0.6747759581;1.488335729;10.08814049;15.88525132;-0.03207040206;-0.06001746282;0.0004581485991;5
15.87936033;0.6604190469;1.497906923;10.07856941;15.88735299;-0.02840521187;-0.05024362728;0.0016798781;5
15.881462;0.6699903607;1.497906923;10.07378292;15.8894546;-0.02474002354;-0.03924806044;0.002901607659;5
15.88356366;0.6460621357;1.50269258;10.09771156;15.89155627;-0.02107483521;-0.03191768378;0.002901607659;5
15.88566528;0.6699903607;1.493121386;10.07378292;15.89365788;-0.02107483521;-0.02458730713;0.005345067009;5
15.88776694;0.679561615;1.493121386;10.04506969;15.89575955;-0.01985310577;-0.01481347065;0.005345067009;5
15.88986856;0.6747759581;1.478764415;10.03549862;15.89786121;-0.02229656465;-0.002596175298;0.007788525894;5
15.89197022;0.6843472719;1.473978758;10.01156998;15.89996283;-0.02229656465;0.005955931731;0.009010255337;5
15.89407184;0.679561615;1.464407444;9.973284721;15.9020645;-0.02474002354;0.01817322709;0.01145371422;5
15.89617351;0.6652047038;1.445264935;9.958928108;15.90416611;-0.02229656465;0.02916879393;0.01634063199;5
15.89827517;0.650847733;1.440479279;9.973284721;15.90626778;-0.02229656465;0.0426078178;0.02000582218;5
15.90037679;0.6460621357;1.450050473;9.963713646;15.90836939;-0.02107483521;0.05482511222;0.02367101051;5
15.90247845;0.6556333899;1.464407444;9.997213364;15.91047106;-0.02229656465;0.06582067907;0.02855792828;5
15.90458007;0.6556333899;1.478764415;10.04506969;15.91257267;-0.01985310577;0.0743727833;0.03344484791;5
15.90668174;0.6747759581;1.469193101;10.07378292;15.91467434;-0.01985310577;0.07925970852;0.03711003438;5
15.90878335;0.6891329288;1.464407444;10.11206818;15.91677595;-0.01863137633;0.08536835015;0.04199695215;5
15.91088502;0.708275497;1.493121386;10.164711;15.91887762;-0.01496618707;0.08414662629;0.04444041103;5
15.91298663;0.732203722;1.464407444;10.18385315;15.92097924;-0.01618791744;0.08170316368;0.04688387364;5
15.9150883;0.756131947;1.450050473;10.24128056;15.9230809;-0.01863137633;0.07559451461;0.04688387364;5
15.91718991;0.8039883971;1.40697968;10.26042366;15.92518252;-0.01985310577;0.06826414168;0.04688387364;5
15.91929158;0.8518448472;1.383051515;10.28435135;15.92728418;-0.02107483521;0.05849030241;0.04321868345;5
15.92139319;0.8997012973;1.316052437;10.30349445;15.92938585;-0.02107483521;0.04627300799;0.04077522457;5
15.92349486;0.94277215;1.258624673;10.35613632;15.93148746;-0.0235182941;0.03283398226;0.0358883068;5
15.92559647;0.9954141974;1.210768223;10.37527943;15.93358908;-0.0235182941;0.01695149764;0.03222311661;5
15.92769814;1.052842021;1.162911773;10.4279213;15.93569074;-0.02718348242;-0.001374445739;0.02489273995;5
15.92979981;1.091127157;1.100698471;10.46142101;15.93779241;-0.02474002354;-0.02214384824;0.01878409274;5
15.93190142;1.138983607;1.057627559;10.50449181;15.93989403;-0.02596175298;-0.04657844082;0.01389717404;5
15.93400304;1.16769743;1.03848505;10.56191921;15.94199569;-0.02840521187;-0.06856957078;0.006566796452;5
15.9361047;1.1820544;1.000199914;10.59063339;15.94409731;-0.03451386094;-0.09422589093;0.0004581485991;5
15.93820637;1.220339537;0.9619147182;10.61456108;15.94619897;-0.03573558852;-0.1186604798;-0.006872228812;5
15.94030798;1.258624673;0.9475577474;10.61456108;15.94830059;-0.0418442376;-0.1430950761;-0.01420260593;5
15.94240965;1.306481123;0.9140582681;10.61456108;15.95040226;-0.04306596518;-0.1699731201;-0.02275471389;5
15.94451127;1.363908887;0.9044869542;10.61456108;15.95250387;-0.04795288667;-0.1944077164;-0.03252854943;5
15.94661293;1.416550994;0.890130043;10.62413216;15.95460554;-0.05161807314;-0.2176205814;-0.04230238497;5
15.94871455;1.493121386;0.8566305041;10.64327526;15.9567072;-0.05528326333;-0.2371682525;-0.05207622424;5
15.95081621;1.564906001;0.8566305041;10.66241741;15.95880887;-0.05650499091;-0.2567159235;-0.06307178736;5
15.95291783;1.651047587;0.8279166222;10.70070267;15.96091049;-0.05650499091;-0.270154953;-0.0728456229;5
15.9550195;1.727617979;0.7992027402;10.7054882;15.9630121;-0.05650499091;-0.2823722363;-0.08384118974;5
15.95712116;1.789831281;0.760917604;10.70070267;15.96511377;-0.05772672221;-0.2897026241;-0.09239330143;5
15.95922283;1.852044702;0.7274180651;10.71027374;15.96721543;-0.05528326333;-0.2897026241;-0.1046105921;5
15.96132444;1.93340075;0.708275497;10.71984577;15.96931705;-0.05283980444;-0.2933678031;-0.1131627038;5
15.96342606;1.986042738;0.70348984;10.70070267;15.97141871;-0.04795288667;-0.2921460867;-0.121714808;5
15.96552772;2.053041935;0.679561615;10.72463131;15.97352033;-0.04062250629;-0.2872591615;-0.131488651;5
15.96762939;2.091326952;0.6939185858;10.77727318;15.975622;-0.03207040206;-0.2799287736;-0.1437059343;5
15.96973101;2.148754835;0.6604190469;10.80120182;15.97772361;-0.02229656465;-0.2713766694;-0.1522580534;5
15.97183267;2.201396942;0.6556333899;10.82034397;15.97982528;-0.01496618707;-0.2567159235;-0.162031889;5
15.97393429;2.258824587;0.6221339107;10.87777138;15.98192689;-0.002748891478;-0.2408334464;-0.1730274558;5
15.97603595;2.335394859;0.5742774606;10.89691448;15.98402856;0.01069013402;-0.220064044;-0.1864664704;5
15.97813757;2.383251429;0.5264210105;10.90648556;15.98613022;0.02412915789;-0.1956294477;-0.1986837685;5
15.98023924;2.450250387;0.5168496966;10.89691448;15.98823184;0.03878991306;-0.1711948514;-0.2133445293;5
15.98234085;2.531606436;0.4881358147;10.88734341;15.99033345;0.05100720748;-0.1430950761;-0.2267835438;5
15.98444252;2.617748022;0.4737788737;10.83948612;15.99243512;0.06444623321;-0.1149952933;-0.2426660359;5
15.98654418;2.675175667;0.4737788737;10.82034397;15.99453679;0.07422006875;-0.08323032409;-0.2573267817;5
15.9886458;2.737389088;0.4594219327;10.78684425;15.9966384;0.08765909821;-0.04535670951;-0.2732092738;5
15.99074741;2.775674343;0.4833501875;10.75813103;15.99874002;0.1010981202;-0.009926552884;-0.2878700197;5
15.99284908;2.823530674;0.4977070987;10.70070267;16.00084168;0.1120936871;0.02794706449;-0.3037525117;5
15.99495074;2.852244616;0.5024927258;10.64327526;16.00294335;0.1218675226;0.07070759684;-0.3220784664;5
15.99705236;2.871387243;0.5264210105;10.60977554;16.00504496;0.1328630894;0.1085812151;-0.3391826749;5
15.99915397;2.885744095;0.5599204898;10.5858469;16.00714663;0.1414151937;0.1440113783;-0.3562868834;5
16.00125564;2.890529871;0.5694918036;10.60020447;16.0092483;0.1511890292;0.1831067204;-0.3733910918;5
16.00335731;2.857030153;0.6077769399;10.59063339;16.01134991;0.1634063274;0.2246455252;-0.3892735839;5
16.00545892;2.842673302;0.6364908218;10.57627583;16.01345158;0.1780670881;0.2612974048;-0.4063777924;5
16.00756059;2.82831645;0.6891329288;10.60499001;16.01555319;0.189062655;0.2955058515;-0.4210385382;5
16.00966226;2.790031195;0.6987041831;10.65284634;16.01765486;0.1988364905;0.3297142684;-0.4344775677;5
16.01176387;2.761317253;0.7226324677;10.66241741;16.01975647;0.2147189677;0.3602575064;-0.4479165971;5
16.01386554;2.63689065;0.7513462901;10.67677498;16.02185814;0.2244928032;0.3810268939;-0.458912164;5
16.01596715;2.488535643;0.7752745152;10.72463131;16.02395976;0.2367101014;0.3993528485;-0.4686860144;5
16.01806882;2.325823545;0.760917604;10.76291656;16.02606142;0.2477056682;0.4079049528;-0.4784598351;5
16.02017043;2.153540373;0.784845829;10.82034397;16.02816304;0.2562577724;0.4115701318;-0.4857902229;5
16.0222721;2.000399828;0.8279166222;10.84905815;16.0302647;0.2648098767;0.416457057;-0.4918988645;5
16.02437371;1.842473388;0.9044869542;10.91605663;16.03236632;0.2709185183;0.4140135944;-0.4918988645;5
16.02647538;1.689332843;0.9667003751;10.92562866;16.03446799;0.2733619809;0.4079049528;-0.4918988645;5
16.028577;1.540977836;1.071984529;10.9304142;16.03656965;0.2709185183;0.3956876695;-0.4857902229;5
16.03067866;1.344766378;1.191625714;10.84427261;16.03867127;0.2709185183;0.3736965358;-0.4796815813;5
16.03278028;1.11984098;1.301695466;10.71984577;16.04077293;0.2709185183;0.3468184769;-0.4723511934;5
16.03488194;0.9571290612;1.35912323;10.70070267;16.04287455;0.2696968019;0.3150535226;-0.4674642682;5
16.03698361;0.8470591903;1.378265858;10.72463131;16.04497621;0.2648098767;0.2845102847;-0.462577343;5
16.03908522;0.7417750359;1.387837172;10.75813103;16.04707788;0.2623664141;0.2564104795;-0.458912164;5
16.04118689;0.6460621357;1.368694544;10.76291656;16.0491795;0.2562577724;0.2270889878;-0.4540252388;5
16.04328851;0.5359922647;1.373480201;10.7054882;16.05128111;0.2477056682;0.2002109289;-0.4479165971;5
16.04539017;0.4354937077;1.421336651;10.66720295;16.05338278;0.239153564;0.1745546162;-0.4369210303;5
16.04749184;0.3541377485;1.521835208;10.56670475;16.05548444;0.2257145345;0.142789647;-0.4222602844;5
16.04959345;0.2679961324;1.622333765;10.49970531;16.05758606;0.2134972364;0.1085812151;-0.405156076;5
16.05169507;0.1004985496;1.732403636;10.29870892;16.05968772;0.2025016695;0.07192932814;-0.3868301213;5
16.05379674;-0.06221338734;1.804188251;10.24128056;16.06178934;0.1915061027;0.03283398226;-0.3709476292;5
16.0558984;-0.1531406492;1.856830359;10.27956581;16.06389101;0.1841757298;-0.007483093534;-0.355065167;5
16.05800002;-0.2440679073;1.847259045;10.38006496;16.06599262;0.1780670881;-0.04413498193;-0.3379609287;5
16.06010168;-0.3110669553;1.823330879;10.47099209;16.06809429;0.1744018942;-0.08445205539;-0.3245218992;5
16.0622033;-0.3828516304;1.808973908;10.49491978;16.0701959;0.1682932526;-0.1223256737;-0.3074176908;5
16.06430496;-0.4307080805;1.789831281;10.51406288;16.07229757;0.1609628648;-0.1614210159;-0.2915352285;5
16.06640658;-0.4354937077;1.789831281;10.52363396;16.07439924;0.1536324918;-0.1956294477;-0.2756527364;5
16.06850824;-0.5024927258;1.823330879;10.42313576;16.07650085;0.1524107605;-0.2322813272;-0.2609919906;5
16.07060986;-0.4833501875;1.842473388;10.36092186;16.07860252;0.1450803876;-0.2677114904;-0.2475529462;5
16.07271153;-0.4163511395;1.852044702;10.38963604;16.08070413;0.1353065521;-0.3019199073;-0.2365573794;5
16.07481319;-0.3684946895;1.823330879;10.41356373;16.0828058;0.1255327165;-0.3361283541;-0.2255618125;5
16.07691481;-0.3110669553;1.770688772;10.29870892;16.08490741;0.1169806048;-0.366671592;-0.2182314396;5
16.07901647;-0.2679961324;1.722832322;10.14556789;16.08700908;0.1096502244;-0.3972148299;-0.2109010667;5
16.08111809;-0.1770688742;1.665404558;10.09292603;16.08911069;0.1023198515;-0.4265363216;-0.2060141414;5
16.08321976;-0.06221338734;1.617548108;10.06421185;16.09121236;0.09621120244;-0.4558578432;-0.2023489624;5
16.08532137;0.08614161611;1.593619823;10.04985523;16.09331397;0.08888082206;-0.4839576185;-0.2011272311;5
16.08742304;0.2105683982;1.55054903;10.04985523;16.09541564;0.08399390429;-0.5120574236;-0.1986837685;5
16.08952465;0.3158525825;1.512263894;10.02114105;16.09751731;0.07788526267;-0.5328267813;-0.1974620372;5
16.09162632;0.4115654826;1.45483613;10.03071213;16.09961892;0.07422006875;-0.5487092733;-0.1986837685;5
16.09372793;0.4785645306;1.402194023;10.0019989;16.10172059;0.07055488229;-0.5584831238;-0.1986837685;5
16.0958296;0.5599204898;1.344766378;10.03071213;16.1038222;0.06933315098;-0.5670352578;-0.2047924101;5
16.09793127;0.650847733;1.320838094;10.02592659;16.10592387;0.07299833745;-0.570700407;-0.212122798;5
16.10003288;0.7513462901;1.282552958;10.00678444;16.10802549;0.07422006875;-0.570700407;-0.2182314396;5
16.10213455;0.9092726111;1.253839016;10.07378292;16.11012715;0.07666353136;-0.5682569742;-0.2267835438;5
16.10423616;1.0863415;1.1820544;10.15513897;16.11222877;0.08155044913;-0.5621483326;-0.235335663;5
16.10633783;1.16769743;1.115055323;10.11206818;16.11433043;0.09010255337;-0.554817915;-0.2463312149;5
16.10843944;1.229910851;1.052842021;10.0019989;16.11643205;0.1010981202;-0.5450441241;-0.258548528;5
16.11054111;1.306481123;0.9906286001;10.03549862;16.11853371;0.1120936871;-0.5316050649;-0.2744309902;5
16.11264272;1.411765337;0.9140582681;10.07856941;16.12063538;0.1267544478;-0.5120574236;-0.2927569449;5
16.11474439;1.521835208;0.8853443861;10.17906761;16.122737;0.1450803876;-0.4888445437;-0.312304616;5
16.11684601;1.631905079;0.866201818;10.2221384;16.12483866;0.1621845961;-0.4595230222;-0.3306305707;5
16.11894767;1.761117458;0.8518448472;10.22692394;16.12694033;0.1805105358;-0.4314232469;-0.3513999581;5
16.12104934;1.880758643;0.8183453679;10.20778179;16.12904194;0.1988364905;-0.3972148299;-0.3721693754;5
16.12315095;1.919043779;0.7992027402;10.2029953;16.13114356;0.2183841616;-0.3654498458;-0.3904953003;5
16.12525262;1.93340075;0.7657032609;10.18863869;16.13324522;0.239153564;-0.3336848915;-0.408821255;5
16.12735429;1.919043779;0.732203722;10.18385315;16.13534684;0.2574795187;-0.3080285788;-0.4295906425;5
16.1294559;1.899901152;0.6891329288;10.15992451;16.13744851;0.2745837271;-0.2823722363;-0.4479165971;5
16.13155752;1.866401672;0.6556333899;10.12642574;16.13955012;0.2916879356;-0.25793764;-0.4650208056;5
16.13365918;1.842473388;0.650847733;10.09292603;16.14165179;0.3063486814;-0.2322813272;-0.4809032977;5
16.1357608;1.808973908;0.6699903607;10.05942631;16.14375345;0.3185659945;-0.2090684772;-0.4955640435;5
16.13786246;1.746760488;0.6939185858;9.939785004;16.14585507;0.3283398151;-0.1870773435;-0.5102248192;5
16.13996408;1.684547186;0.7226324677;9.844072342;16.14795674;0.3381136656;-0.1687513888;-0.5236638188;5
16.14206574;1.59840548;0.7369893789;9.734002113;16.15005835;0.3466657698;-0.150425449;-0.5346593857;5
16.14416741;1.517049551;0.756131947;9.647860527;16.15216002;0.3454440236;-0.1357647032;-0.5432115197;5
16.14626903;1.430907965;0.8279166222;9.580862045;16.15426168;0.3491092324;-0.1211039424;-0.5505418777;5
16.14837069;1.31126678;0.8949156404;9.470791817;16.1563633;0.3491092324;-0.1101083755;-0.5542070866;5
16.15047231;1.16769743;0.9906286001;9.284152031;16.15846496;0.3478874862;-0.0978910774;-0.5578722358;5
16.15257397;1.081555843;1.067198873;9.17886734;16.16056658;0.3454440236;-0.08811724186;-0.5590940118;5
16.15467564;1.019342422;1.124626637;9.092725754;16.16266825;0.3381136656;-0.07956513762;-0.5603157282;5
16.15677726;0.9571290612;1.210768223;9.03051281;16.16476986;0.3307832778;-0.07101303339;-0.5615374446;5
16.15887892;0.8709874153;1.277767301;8.944371223;16.16687153;0.3210094273;-0.06734783947;-0.5615374446;5
16.16098054;0.7704889178;1.325623751;8.848658562;16.16897319;0.3100138903;-0.06123919412;-0.5578722358;5
16.1630822;0.6412764788;1.378265858;8.729017258;16.17107481;0.2977965772;-0.05390881747;-0.5529853702;5
16.16518382;0.5455635786;1.440479279;8.623732567;16.17317642;0.2831358314;-0.05513054505;-0.5493201613;5
16.16728548;0.4689932466;1.507478237;8.51844883;16.17527809;0.2660316229;-0.06612611562;-0.5444332361;5
16.16938715;0.3828516304;1.536192179;8.417949677;16.1773797;0.2489273995;-0.08323032409;-0.5444332361;5
16.17148877;0.3349951804;1.540977836;8.355736732;16.17948137;0.2269362658;-0.1027780026;-0.5419898033;5
16.17359038;0.3302095234;1.507478237;8.327022552;16.18158304;0.2037234008;-0.1223256737;-0.5456549525;5
16.17569205;0.3493520916;1.493121386;8.303094864;16.18368465;0.1805105358;-0.1455385387;-0.5493201613;5
16.17779366;0.3828516304;1.445264935;8.226524353;16.18578632;0.1560759544;-0.1711948514;-0.5542070866;5
16.17989533;0.4163511395;1.440479279;8.178668022;16.18788793;0.1304196268;-0.196851179;-0.5603157282;5
16.181997;0.4307080805;1.459621787;8.178668022;16.1899896;0.1010981202;-0.2225074917;-0.5664243698;5
16.18409861;0.4450650215;1.473978758;8.169096947;16.19209121;0.07177661359;-0.246942088;-0.5700895786;5
16.18620028;0.4163511395;1.497906923;8.102097511;16.19419288;0.04245510325;-0.270154953;-0.5774199367;5
16.18830189;0.4019941986;1.536192179;8.025527;16.19629455;0.01924224012;-0.2933678031;-0.5847502947;5
16.19040356;0.4354937077;1.545763373;7.987242222;16.19839616;-0.003970621154;-0.3141372204;-0.5920807123;5
16.19250517;0.4642075896;1.517049551;8.001599312;16.20049783;-0.02718348242;-0.3361283541;-0.5994110703;5
16.19460684;0.4498506486;1.464407444;8.059026718;16.20259944;-0.04550942779;-0.3556760252;-0.605519712;5
16.19670851;0.3924229145;1.416550994;8.145168304;16.20470111;-0.06505709887;-0.370336771;-0.61285007;5
16.19881012;0.3445664644;1.354337573;8.236095428;16.20680272;-0.07849612087;-0.3813323379;-0.6165152788;5
16.20091179;0.2488535494;1.325623751;8.293522835;16.20890439;-0.09193515033;-0.3862192631;-0.6201804876;5
16.2030134;0.1627119333;1.287338614;8.327022552;16.21100601;-0.0980437994;-0.3935496211;-0.621402204;5
16.20511507;0.07178468257;1.296909928;8.374878883;16.21310767;-0.1078176349;-0.3984365463;-0.6177369952;5
16.20721668;-0.009571290575;1.325623751;8.46102047;16.21520934;-0.1175914705;-0.4021017551;-0.6116283536;5
16.20931835;-0.1100698411;1.387837172;8.556734085;16.21731095;-0.1237001196;-0.4069886506;-0.6042979956;5
16.21141996;-0.2392822653;1.469193101;8.556734085;16.21941257;-0.1249218509;-0.4082103968;-0.5945241451;5
16.21352163;-0.3445664644;1.540977836;8.542376518;16.22151424;-0.1237001196;-0.4094321132;-0.5835285783;5
16.2156233;-0.4163511395;1.574477315;8.599804878;16.2236159;-0.1212566569;-0.4106538594;-0.5749764442;5
16.21772491;-0.4737788737;1.593619823;8.72423172;16.22571752;-0.1163697392;-0.4033234715;-0.5652026534;5
16.21982653;-0.5072783828;1.584048629;8.853444099;16.22781918;-0.1065959036;-0.3923279047;-0.555428803;5
16.22192819;-0.5503492355;1.579262972;8.977870941;16.2299208;-0.09437860548;-0.3788888752;-0.5444332361;5
16.22402986;-0.5982056856;1.545763373;8.987442017;16.23202246;-0.08460476995;-0.3642281294;-0.5346593857;5
16.22613147;-0.6317051649;1.526620865;9.011369705;16.23412408;-0.07116574794;-0.3483456373;-0.5236638188;5
16.22823314;-0.6747759581;1.517049551;9.05922699;16.23622575;-0.05528326333;-0.3312414289;-0.5138899684;5
16.23033476;-0.70348984;1.488335729;9.131011009;16.23832741;-0.04428769648;-0.3129154742;-0.5041161776;5
16.23243642;-0.7274180651;1.459621787;9.159725189;16.24042903;-0.02962694131;-0.2945895493;-0.4943423271;5
16.23453804;-0.760917604;1.450050473;9.202795982;16.24253064;-0.01618791744;-0.2725984156;-0.4857902229;5
16.2366397;-0.7657032609;1.435693622;9.231510162;16.24463231;-0.003970621154;-0.2530507445;-0.474794656;5
16.23874137;-0.7657032609;1.421336651;9.260223389;16.24673397;0.009468403645;-0.2347247899;-0.4662425518;5
16.24084298;-0.7896314859;1.450050473;9.212367058;16.24883559;0.02535088919;-0.2163988501;-0.4564687014;5
16.2429446;-0.8231309652;1.464407444;9.169296265;16.25093726;0.04001164436;-0.200516358;-0.4479165971;5
16.24504627;-0.8231309652;1.459621787;9.188439369;16.25303887;0.05589412898;-0.1858556122;-0.4393644929;5
16.24714793;-0.8327022791;1.445264935;9.241081238;16.25514054;0.06933315098;-0.1711948514;-0.4332558513;5
16.24924955;-0.8470591903;1.421336651;9.269794464;16.2572422;0.0852156356;-0.1614210159;-0.424703747;5
16.25135121;-0.866201818;1.435693622;9.250652313;16.25934382;0.09743293375;-0.1479819864;-0.4198168218;5
16.25345283;-0.8805587292;1.416550994;9.193224907;16.26144548;0.105985038;-0.1406516135;-0.4137081802;5
16.2555545;-0.8614161611;1.440479279;9.107083321;16.2635471;0.1120936871;-0.1345429718;-0.4075995386;5
16.25765616;-0.8279166222;1.45483613;9.006584167;16.26564877;0.1169806048;-0.1308777779;-0.4039343297;5
16.25975778;-0.8279166222;1.464407444;8.891729355;16.26775043;0.1182023361;-0.1296560466;-0.3990474045;5
16.26185944;-0.8231309652;1.469193101;8.786444664;16.26985205;0.1169806048;-0.1333212405;-0.3941605091;5
16.26396106;-0.8566305041;1.464407444;8.690732002;16.27195371;0.1120936871;-0.1394298822;-0.3917170465;5
16.26606272;-0.866201818;1.493121386;8.614161491;16.27405533;0.1047633067;-0.1492037177;-0.3880518377;5
16.26816439;-0.890130043;1.507478237;8.504091263;16.276157;0.09254601598;-0.1626427472;-0.3819431961;5
16.27026601;-0.9188438654;1.536192179;8.403593063;16.27825861;0.07788526267;-0.1748600453;-0.3794997334;5
16.27236767;-0.94277215;1.545763373;8.307880402;16.28036028;0.06200277433;-0.1944077164;-0.374612838;5
16.27446929;-1.000199914;1.555334687;8.197810173;16.28246189;0.04489856213;-0.2188423127;-0.3672824502;5
16.27657095;-1.043270707;1.564906001;8.092526436;16.28456356;0.02657261863;-0.2444986254;-0.3611738086;5
16.27867257;-1.091127157;1.569691658;8.00638485;16.28666522;0.0009162971983;-0.273820132;-0.3526217043;5
16.28077424;-1.100698471;1.584048629;7.96331358;16.28876684;-0.02229656465;-0.3104720116;-0.3440696001;5
16.28287585;-1.153340459;1.603191137;7.86281538;16.29086845;-0.05039634556;-0.3483456373;-0.3367392123;5
16.28497752;-1.177268744;1.622333765;7.795815945;16.29297012;-0.07605266571;-0.3874409795;-0.328187108;5
16.28707918;-1.210768223;1.622333765;7.776673794;16.29507179;-0.1029307172;-0.424092859;-0.3220784664;5
16.2891808;-1.21555388;1.612762451;7.762316704;16.2971734;-0.1334739476;-0.4546361268;-0.315969795;5
16.29128241;-1.220339537;1.593619823;7.738388538;16.29927502;-0.1627954692;-0.4827359021;-0.3098611534;5
16.29338408;-1.191625714;1.555334687;7.690532207;16.30137668;-0.1872300506;-0.5083922148;-0.3049742281;5
16.29548574;-1.153340459;1.540977836;7.666603565;16.30347835;-0.2116646469;-0.5303833485;-0.3025307953;5
16.29758736;-1.105484009;1.540977836;7.628318787;16.30557996;-0.2373209596;-0.5474875569;-0.3000873327;5
16.29968897;-1.024128079;1.555334687;7.685746193;16.30768163;-0.2568686306;-0.5597048402;-0.2976438701;5
16.30179064;-0.94277215;1.555334687;7.728816986;16.3097833;-0.2764163017;-0.563370049;-0.2988655865;5
16.30389231;-0.9044869542;1.536192179;7.747959614;16.31188491;-0.2910770774;-0.5694786906;-0.3013090491;5
16.30599392;-0.866201818;1.493121386;7.800601959;16.31398658;-0.3032943606;-0.5694786906;-0.3061959743;5
16.30809559;-0.7944171429;1.40697968;7.881958008;16.31608819;-0.3106247485;-0.5682569742;-0.3135263622;5
16.31019726;-0.6987041831;1.35912323;7.968099594;16.31818986;-0.3167333901;-0.5645917654;-0.3208567202;5
16.31229887;-0.626919508;1.296909928;8.078168869;16.32029147;-0.3216203153;-0.5609265566;-0.328187108;5
16.31440054;-0.5168496966;1.234696507;8.145168304;16.32239314;-0.3216203153;-0.5535961986;-0.3379609287;5
16.31650215;-0.4450650215;1.205982566;8.226524353;16.32449476;-0.3240637779;-0.5389354229;-0.3489564955;5
16.31860382;-0.3637090325;1.148554921;8.317451477;16.32659642;-0.3216203153;-0.5254964232;-0.3611738086;5
16.32070543;-0.2919243574;1.081555843;8.370093346;16.32869804;-0.3191768527;-0.505948782;-0.3733910918;5
16.3228071;-0.2392822653;1.014556766;8.446663857;16.3307997;-0.3118464649;-0.4851793647;-0.3880518377;5
16.32490871;-0.1770688742;0.9523434043;8.494520187;16.33290132;-0.3032943606;-0.4595230222;-0.4002691507;5
16.32701038;-0.1387837082;0.9092726111;8.547162056;16.33500299;-0.2922987938;-0.4326449931;-0.412486434;5
16.329112;-0.1100698411;0.8709874153;8.580661774;16.33710465;-0.2813032269;-0.4021017551;-0.424703747;5
16.33121366;-0.06221338734;0.8279166222;8.662017822;16.33920627;-0.2690859437;-0.370336771;-0.4356993139;5
16.33331528;-0.05264209956;0.7896314859;8.705088615;16.34130793;-0.254425168;-0.3361283541;-0.4442514181;5
16.33541694;-0.07178468257;0.7704889178;8.762516975;16.34340955;-0.2385426909;-0.2994764447;-0.4528035223;5
16.33751861;-0.1052841991;0.7704889178;8.810373306;16.34551121;-0.223881945;-0.2603811026;-0.4576904476;5
16.33962022;-0.1483550072;0.7752745152;8.853444099;16.34761288;-0.2079994529;-0.2212857604;-0.4637990892;5
16.34172189;-0.1818545163;0.784845829;8.853444099;16.3497145;-0.1908952445;-0.1797469556;-0.4686860144;5
16.34382351;-0.2057827413;0.8087740541;8.877371788;16.35181616;-0.1713475734;-0.1382081509;-0.4760163724;5
16.34592517;-0.2201396823;0.8183453679;8.867800713;16.35391778;-0.1530216336;-0.09544762224;-0.4809032977;5
16.34802684;-0.2392822653;0.8279166222;8.915657043;16.35601944;-0.1334739476;-0.05513054505;-0.4857902229;5
16.35012845;-0.2679961324;0.8327022791;8.934800148;16.35812106;-0.1163697392;-0.01603520103;-0.4882336855;5
16.35223012;-0.3158525825;0.8422735929;8.97308445;16.36022272;-0.1004872546;0.02061668597;-0.4894554019;5
16.35433174;-0.3924229145;0.8518448472;8.987442017;16.36232434;-0.08216131479;0.05360338464;-0.4894554019;5
16.3564334;-0.4785645306;0.8757730722;9.006584167;16.36442601;-0.06872228533;0.08170316368;-0.4894554019;5
16.35853502;-0.5742774606;0.890130043;8.992227554;16.36652762;-0.0601701811;0.1073594838;-0.4857902229;5
16.36063668;-0.679561615;0.9188438654;8.987442017;16.36862929;-0.05161807314;0.1305723488;-0.4821250141;5
16.3627383;-0.7800601721;0.94277215;8.925228119;16.3707309;-0.04428769648;0.146454826;-0.4772381186;5
16.36483996;-0.8518448472;0.9954141974;8.848658562;16.37283257;-0.04428769648;0.1586721241;-0.4711294472;5
16.36694158;-0.9188438654;1.014556766;8.776873589;16.37493418;-0.04673115537;0.1684459597;-0.4650208056;5
16.36904324;-0.9906286001;1.033699393;8.709874153;16.37703585;-0.04917461425;0.1721111536;-0.4576904476;5
16.37114486;-1.043270707;1.076770186;8.595019341;16.37913752;-0.05894844979;0.169667691;-0.4503600597;5
16.37324653;-1.091127157;1.105484009;8.547162056;16.38123913;-0.06872228533;0.1635590494;-0.4430296719;5
16.37534814;-1.138983607;1.115055323;8.48973465;16.3833408;-0.08216131479;0.1562286615;-0.4344775677;5
16.37744981;-1.191625714;1.143769264;8.38923645;16.38544241;-0.0968220681;0.146454826;-0.428368926;5
16.37955147;-1.239482164;1.162911773;8.336593628;16.38754408;-0.113926284;0.1317940801;-0.4198168218;5
16.38165309;-1.253839016;1.158126116;8.283951759;16.38964574;-0.1346956789;0.1159115955;-0.4149298966;5
16.38375476;-1.249053478;1.158126116;8.231309891;16.39174736;-0.15424335;0.09147699922;-0.4112647176;5
16.38585637;-1.244267821;1.129412293;8.202595711;16.39384903;-0.1762344837;0.07070759684;-0.408821255;5
16.38795804;-1.210768223;1.11984098;8.159524918;16.39595064;-0.1957821548;0.04627300799;-0.4063777924;5
16.3900597;-1.177268744;1.11984098;8.140382767;16.39805231;-0.2189950198;0.02306014486;-0.4039343297;5
16.39216132;-1.129412293;1.110269666;8.097311974;16.40015397;-0.2397644222;0.00351247238;-0.405156076;5
16.39426298;-1.110269666;1.115055323;8.092526436;16.40225559;-0.2617555559;-0.01481347065;-0.4063777924;5
16.3963646;-1.057627559;1.091127157;8.097311974;16.4043572;-0.2813032269;-0.03313941509;-0.4075995386;5
16.39846627;-1.024128079;1.076770186;8.126026154;16.40645887;-0.2996291816;-0.0490218997;-0.4100429714;5
16.40056793;-0.9906286001;1.03848505;8.173882484;16.40856054;-0.3118464649;-0.06001746282;-0.412486434;5
16.40266955;-0.9762716293;1.014556766;8.260024071;16.41066215;-0.3240637779;-0.06979130208;-0.4149298966;5
16.40477116;-0.9667003751;0.9714859724;8.374878883;16.41276377;-0.3350593448;-0.07589995116;-0.4185950756;5
16.40687283;-0.9619147182;0.9332008362;8.51844883;16.41486543;-0.3411679864;-0.08078686893;-0.4222602844;5
16.4089745;-0.9714859724;0.8997012973;8.614161491;16.4169671;-0.343611449;-0.0856737867;-0.4259254634;5
16.41107611;-0.9714859724;0.8422735929;8.729017258;16.41906871;-0.3423897028;-0.086895518;-0.428368926;5
16.41317772;-0.9762716293;0.813559711;8.853444099;16.42117038;-0.3399462402;-0.08811724186;-0.4332558513;5
16.41527939;-0.9858429432;0.8039883971;9.00179863;16.423272;-0.331394136;-0.08933897316;-0.4356993139;5
16.41738106;-1.014556766;0.7800601721;9.164510727;16.42537366;-0.3191768527;-0.09056070447;-0.4405862093;5
16.41948267;-1.043270707;0.756131947;9.351150513;16.42747528;-0.3069595397;-0.09056070447;-0.4418079555;5
16.42158434;-1.076770186;0.7417750359;9.509077072;16.42957694;-0.2947422564;-0.08933897316;-0.4442514181;5
16.42368595;-1.105484009;0.7274180651;9.643074989;16.43167856;-0.2837466896;-0.09056070447;-0.4454731345;5
16.42578762;-1.129412293;0.7274180651;9.729216576;16.43378022;-0.2654207349;-0.09056070447;-0.4479165971;5
16.42788924;-1.158126116;0.7178468108;9.810572624;16.43588189;-0.250759989;-0.08933897316;-0.4479165971;5
16.4299909;-1.172483087;0.7178468108;9.872786522;16.43798351;-0.2385426909;-0.086895518;-0.4491383433;5
16.43209252;-1.196411371;0.7178468108;9.911071777;16.44008517;-0.2214384824;-0.07712167501;-0.4491383433;5
16.43419418;-1.234696507;0.7369893789;9.95414257;16.44218684;-0.2043342739;-0.06856957078;-0.4466948807;5
16.43629585;-1.26341033;0.7417750359;9.978070259;16.44428845;-0.1921169758;-0.05757400393;-0.4454731345;5
16.43839746;-1.316052437;0.7800601721;9.939785004;16.44639007;-0.1798996776;-0.04657844082;-0.4442514181;5
16.44049913;-1.363908887;0.8039883971;9.968499184;16.44849174;-0.1664606482;-0.03558287397;-0.4430296719;5
16.4426008;-1.416550994;0.8566305041;9.949356079;16.45059335;-0.1579085439;-0.02336557768;-0.4418079555;5
16.44470241;-1.430907965;0.8709874153;9.915857315;16.45269502;-0.1481347084;-0.01481347065;-0.4405862093;5
16.44680403;-1.426122308;0.8757730722;9.882357597;16.45479668;-0.1395826042;-0.009926552884;-0.4393644929;5
16.44890569;-1.426122308;0.8853443861;9.781859398;16.4568983;-0.1310304999;-0.0001527161949;-0.4356993139;5
16.45100731;-1.450050473;0.8757730722;9.710074425;16.45899996;-0.1249218509;0.009621120058;-0.4320341051;5
16.45310897;-1.483550072;0.8853443861;9.667003632;16.46110158;-0.1212566569;0.02061668597;-0.4271472096;5
16.45521064;-1.574477315;0.9379864931;9.614361763;16.46320325;-0.1163697392;0.03039052337;-0.4185950756;5
16.45731226;-1.612762451;0.9714859724;9.561718941;16.46530486;-0.1151480079;0.0426078178;-0.412486434;5
16.45941392;-1.665404558;1.028913736;9.408578873;16.46740653;-0.113926284;0.05849030241;-0.405156076;5
16.46151554;-1.703689694;1.071984529;9.317651749;16.46950814;-0.1114828214;0.07803797722;-0.3966039717;5
16.4636172;-1.737189293;1.13419795;9.255437851;16.47160981;-0.1114828214;0.1000291109;-0.3892735839;5
16.46571882;-1.780260086;1.196411371;9.164510727;16.47371147;-0.1102610901;0.1244636998;-0.3819431961;5
16.46782048;-1.813759565;1.234696507;9.116654396;16.47581314;-0.1078176349;0.1452330947;-0.3697259128;5
16.4699221;-1.856830359;1.296909928;9.087940216;16.47791476;-0.1090393662;0.1623373181;-0.3575085998;5
16.47202377;-1.899901152;1.349551916;9.05922699;16.48001637;-0.1078176349;0.1769980639;-0.3404043913;5
16.47412543;-1.986042738;1.40697968;9.03051281;16.48211804;-0.1078176349;0.1855501831;-0.3245218992;5
16.4762271;-2.057827473;1.445264935;9.054440498;16.48421965;-0.1065959036;0.1941022873;-0.3049742281;5
16.47832871;-2.163111687;1.469193101;9.078369141;16.48632132;-0.1065959036;0.1989891976;-0.2866483033;5
16.48043033;-2.30189538;1.459621787;9.140582085;16.48842298;-0.1065959036;0.2014326602;-0.2683223486;5
16.482532;-2.388036966;1.45483613;9.154939651;16.4905246;-0.1102610901;0.2026543915;-0.2536616027;5
16.48463361;-2.426322222;1.473978758;9.121439934;16.49262627;-0.1114828214;0.2050978541;-0.2377791107;5
16.48673528;-2.455035925;1.45483613;9.068798065;16.49472788;-0.1127045527;0.2075413018;-0.2243400961;5
16.48883694;-2.421536446;1.440479279;9.05922699;16.49682955;-0.1151480079;0.2112064958;-0.2133445293;5
16.49093856;-2.378465652;1.435693622;9.05922699;16.49893116;-0.1151480079;0.2136499584;-0.1999054998;5
16.49304022;-2.340180635;1.430907965;9.073583603;16.50103283;-0.1175914705;0.2136499584;-0.1901316643;5
16.49514184;-2.306680918;1.440479279;9.102297783;16.50313444;-0.1188132018;0.2124282271;-0.1791360974;5
16.49724351;-2.306680918;1.445264935;9.174081802;16.50523611;-0.1200349256;0.2063195854;-0.1669187993;5
16.49934512;-2.325823545;1.464407444;9.198010445;16.50733772;-0.1249218509;0.2050978541;-0.1571449637;5
16.50144679;-2.378465652;1.450050473;9.265008926;16.50943939;-0.1310304999;0.1977674663;-0.1485928595;5
16.5035484;-2.411965132;1.430907965;9.293723106;16.51154106;-0.1395826042;0.1892153621;-0.1400407553;5
16.50565007;-2.421536446;1.430907965;9.188439369;16.51364272;-0.1493564397;0.1769980639;-0.131488651;5
16.50775168;-2.388036966;1.430907965;9.097511292;16.51574434;-0.1603520066;0.1598938555;-0.1229365394;5
16.50985335;-2.349751949;1.45483613;9.05922699;16.51784601;-0.1713475734;0.1391244531;-0.1143844277;5
16.51195502;-2.335394859;1.45483613;9.073583603;16.51994762;-0.1860083193;0.1220202371;-0.1058323234;5
16.51405668;-2.344966173;1.478764415;9.064012527;16.52204929;-0.1994473487;0.1024725661;-0.09361502528;5
16.5161583;-2.364108801;1.450050473;9.00179863;16.5241509;-0.2177732885;0.08292489499;-0.08506292105;5
16.51825996;-2.392822742;1.430907965;8.97308445;16.52625257;-0.2324340492;0.06582067907;-0.0740673542;5
16.52036158;-2.411965132;1.40697968;9.00179863;16.52835418;-0.2532034516;0.0438295491;-0.06429351866;5
16.52246324;-2.378465652;1.392622828;8.906085968;16.5304558;-0.2739728391;0.02061668597;-0.0557414107;5
16.52456486;-2.364108801;1.373480201;8.877371788;16.53255746;-0.2910770774;-0.0001527161949;-0.04718930274;5
16.52666653;-2.388036966;1.330409408;8.915657043;16.53465908;-0.3118464649;-0.01970038936;-0.03985892609;5
16.52876814;-2.364108801;1.335195065;8.944371223;16.53676075;-0.3301724195;-0.03924806044;-0.03497200832;5
16.53086976;-2.297109842;1.316052437;8.987442017;16.53886241;-0.3448331654;-0.06246092543;-0.02886336111;5
16.53297142;-2.249253273;1.316052437;9.035298347;16.54096408;-0.3594939113;-0.08078686893;-0.02275471389;5
16.53507304;-2.191825628;1.31126678;9.111868858;16.54306569;-0.3704894781;-0.0991128087;-0.01786779426;5
16.5371747;-2.182254314;1.287338614;9.202795982;16.54516731;-0.3778198659;-0.113773562;-0.01053741761;5
16.53927637;-2.158325911;1.268195987;9.269794464;16.54726897;-0.3827067912;-0.127212584;-0.00565049937;5
16.54137804;-2.196611166;1.244267821;9.375079155;16.54937059;-0.3875937164;-0.1406516135;-0.0007635809598;5
16.54347965;-2.153540373;1.201196909;9.523433685;16.55147226;-0.3888154328;-0.1528689116;0.0016798781;5
16.54558127;-2.081755638;1.191625714;9.614361763;16.55357392;-0.3912588954;-0.1638644785;0.004123337101;5
16.54768293;-1.938186288;1.177268744;9.652647018;16.55567554;-0.393702358;-0.1663079411;0.005345067009;5
16.54978455;-1.804188251;1.13419795;9.695717812;16.5577772;-0.393702358;-0.1650862098;0.009010255337;5
16.55188621;-1.718046665;1.110269666;9.74835968;16.55987882;-0.3900371492;-0.1601992846;0.01145371422;5
16.55398788;-1.660618901;1.081555843;9.786644936;16.56198048;-0.3827067912;-0.1540906429;0.01145371422;5
16.5560895;-1.665404558;1.052842021;9.858428955;16.56408215;-0.3765981495;-0.1430950761;0.01145371422;5
16.55819116;-1.64626193;1.009771109;9.944570541;16.56618377;-0.3729329407;-0.1320995092;0.007788525894;5
16.56029278;-1.574477315;0.9619147182;10.01635551;16.56828543;-0.3668242991;-0.1223256737;0.0004581485991;5
16.56239444;-1.445264935;0.8997012973;10.01156998;16.57038705;-0.3582721949;-0.1076649204;-0.008093958721;5
16.56449611;-1.292124271;0.8470591903;10.06421185;16.57248871;-0.3484983444;-0.09178243577;-0.01664606482;5
16.56659772;-1.158126116;0.7800601721;10.09771156;16.57459033;-0.3350593448;-0.07101303339;-0.02886336111;5
16.56869939;-1.081555843;0.7130611539;10.14078236;16.576692;-0.3216203153;-0.05268708616;-0.03985892609;5
16.57080101;-1.028913736;0.679561615;10.19820976;16.57879366;-0.3045161068;-0.03313941509;-0.05085449293;5
16.57290267;-0.9762716293;0.650847733;10.23170948;16.58089528;-0.2874118686;-0.01114828233;-0.06185005978;5
16.57500429;-0.9667003751;0.6221339107;10.28913784;16.58299694;-0.2727511227;0.009621120058;-0.0728456229;5
16.57710595;-0.9858429432;0.6173482537;10.38006496;16.58509856;-0.2580903769;0.02916879393;-0.08139773458;5
16.57920762;-0.9762716293;0.6460621357;10.39920712;16.58720022;-0.2422078848;0.04505127668;-0.08872810751;5
16.58130924;-0.9619147182;0.6604190469;10.35613632;16.58930189;-0.2263254076;0.0621554926;-0.09605848789;5
16.5834109;-0.9236295223;0.6891329288;10.35613632;16.59140345;-0.2116646469;0.07803797722;-0.09972367436;5
16.58551252;-0.9332008362;0.70348984;10.38963604;16.59350512;-0.20066908;0.09147699922;-0.1046105921;5
16.58761418;-0.9762716293;0.6891329288;10.40877819;16.59560679;-0.1896735132;0.1049160287;-0.1046105921;5
16.58971585;-1.052842021;0.6939185858;10.36092186;16.5977084;-0.1823431402;0.1146898642;-0.1046105921;5
16.59181741;-1.091127157;0.679561615;10.27956581;16.59981007;-0.1762344837;0.1256854236;-0.1046105921;5
16.59391908;-1.148554921;0.6412764788;10.19820976;16.60191174;-0.1689041108;0.1366809905;-0.1009454057;5
16.59602074;-1.196411371;0.6412764788;10.15513897;16.60401335;-0.1664606482;0.1476765573;-0.0972802192;5
16.59812236;-1.253839016;0.6460621357;10.1024971;16.60611502;-0.1640172005;0.1562286615;-0.09361502528;5
16.60022403;-1.287338614;0.6460621357;10.04985523;16.60821663;-0.1603520066;0.1660024971;-0.08872810751;5
16.60232569;-1.378265858;0.650847733;10.02592659;16.6103183;-0.1615737379;0.1684459597;-0.08261945844;5
16.60442731;-1.440479279;0.6699903607;10.01156998;16.61241991;-0.1652389169;0.169667691;-0.07651081681;5
16.60652897;-1.493121386;0.6987041831;9.963713646;16.61452158;-0.1676823795;0.1684459597;-0.06918043643;5
16.60863059;-1.540977836;0.70348984;9.915857315;16.61662319;-0.1713475734;0.1647807807;-0.06062832847;5
16.61073226;-1.584048629;0.7417750359;9.868000984;16.61872486;-0.177456215;0.1598938555;-0.05329795182;5
16.61283387;-1.588834286;0.7704889178;9.84885788;16.62082653;-0.1872300506;0.1488982886;-0.04596757516;5
16.61493554;-1.631905079;0.8039883971;9.815358162;16.62292814;-0.1945604384;0.1366809905;-0.03985892609;5
16.61703715;-1.631905079;0.813559711;9.781859398;16.62502981;-0.2043342739;0.1244636998;-0.03008509055;5
16.61913882;-1.607976794;0.837487936;9.786644936;16.62713147;-0.2141081095;0.1134681329;-0.02153298259;5
16.62124048;-1.617548108;0.837487936;9.772287369;16.62923309;-0.2263254076;0.09636391699;-0.01298087649;5
16.6233421;-1.617548108;0.837487936;9.762716293;16.6313347;-0.2373209596;0.08414662629;-0.003207040019;5
16.62544377;-1.617548108;0.8279166222;9.762716293;16.63343637;-0.2495382577;0.06948586553;0.004123337101;5
16.62754543;-1.603191137;0.8183453679;9.791430473;16.63553799;-0.2605338395;0.05971203372;0.01145371422;5
16.62964705;-1.612762451;0.784845829;9.8201437;16.63763965;-0.2715294063;0.04871646687;0.0175623633;5
16.63174866;-1.555334687;0.732203722;9.796216011;16.63974127;-0.2800815105;0.04016435891;0.0175623633;5
16.63385033;-1.478764415;0.6939185858;9.801001549;16.64184293;-0.2886336148;0.03161225095;0.01511890348;5
16.63595194;-1.373480201;0.6317051649;9.882357597;16.64394455;-0.2922987938;0.02672533318;0.01145371422;5
16.63805361;-1.277767301;0.5838487148;9.992427826;16.64604621;-0.2947422564;0.02672533318;0.006566796452;5
16.64015522;-1.1820544;0.5216353536;10.07378292;16.64814788;-0.29352054;0.02550360374;-0.0007635809598;5
16.64225689;-1.100698471;0.4737788737;10.17428207;16.6502495;-0.29352054;0.02183841541;-0.009315688163;5
16.64435851;-1.043270707;0.4402793646;10.24128056;16.65235116;-0.2910770774;0.01817322709;-0.01664606482;5
16.64646017;-0.9954141974;0.4211367965;10.30827999;16.65445278;-0.2874118686;0.01328630932;-0.02641990222;5
16.64856184;-0.9523434043;0.4019941986;10.35135078;16.65655444;-0.2825249732;0.008399390616;-0.03375028074;5
16.65066345;-0.9140582681;0.4019941986;10.39920712;16.65865611;-0.2800815105;0.001069013379;-0.04108065739;5
16.65276512;-0.8805587292;0.3780659735;10.45663452;16.66075772;-0.2739728391;-0.001374445739;-0.04841103405;5
16.65486674;-0.8470591903;0.3637090325;10.46142101;16.66285939;-0.2678641975;-0.0001527161949;-0.05451968312;5
16.6569684;-0.8327022791;0.3828516304;10.48056316;16.66496101;-0.2629773021;0.00351247238;-0.06062832847;5
16.65907007;-0.8231309652;0.3780659735;10.49970531;16.66706262;-0.2556469142;0.005955931731;-0.06673697382;5
16.66117168;-0.8087740541;0.3876372576;10.51406288;16.66916429;-0.2446513474;0.01695149764;-0.0728456229;5
16.66327335;-0.8039883971;0.3924229145;10.52363396;16.6712659;-0.2360992432;0.02550360374;-0.07773254067;5
16.66537496;-0.7657032609;0.4067798555;10.56191921;16.67336762;-0.2263254076;0.03772090003;-0.08261945844;5
16.66747658;-0.7369893789;0.4259224236;10.55713367;16.67546924;-0.2177732885;0.05115992576;-0.08872810751;5
16.66957824;-0.6939185858;0.4307080805;10.58106136;16.6775709;-0.2079994529;0.06337722391;-0.09483675659;5
16.67167986;-0.6604190469;0.4642075896;10.56191921;16.67967252;-0.1994473487;0.07559451461;-0.1009454057;5
16.67378158;-0.6317051649;0.4737788737;10.50449181;16.68177418;-0.1908952445;0.09025526792;-0.1046105921;5
16.67588319;-0.5982056856;0.4785645306;10.46142101;16.6838758;-0.1835648715;0.1012508348;-0.1082757786;5
16.67798486;-0.6173482537;0.5024927258;10.3848505;16.68597746;-0.1762344837;0.1110246703;-0.1094975099;5
16.68008647;-0.6652047038;0.5072783828;10.35613632;16.68807908;-0.1689041108;0.1232419685;-0.1107192412;5
16.68218814;-0.7178468108;0.5168496966;10.34656525;16.69018075;-0.1652389169;0.1342375278;-0.1070540547;5
16.68428976;-0.7800601721;0.5503492355;10.33699417;16.69228236;-0.1591302752;0.1415679157;-0.1046105921;5
16.68639142;-0.8518448472;0.5790630579;10.32742214;16.69438403;-0.1530216336;0.1501200199;-0.09850194305;5
16.68849304;-0.9379864931;0.6125625968;10.32742214;16.69648564;-0.1493564397;0.1550069451;-0.09117157012;5
16.6905947;-1.004985452;0.6604190469;10.30349445;16.69858731;-0.1481347084;0.1586721241;-0.08261945844;5
16.69269632;-1.0863415;0.6843472719;10.29870892;16.70068892;-0.1456912458;0.1574503928;-0.0740673542;5
16.69479798;-1.162911773;0.7130611539;10.29870892;16.70279059;-0.1456912458;0.1550069451;-0.06429351866;5
16.6968996;-1.234696507;0.760917604;10.28435135;16.7048922;-0.1444695145;0.1513417512;-0.05085449293;5
16.69900127;-1.292124271;0.784845829;10.28435135;16.70699387;-0.1444695145;0.1452330947;-0.04108065739;5
16.70110288;-1.344766378;0.8039883971;10.2652092;16.70909554;-0.1456912458;0.1366809905;-0.03130681813;5
16.70320455;-1.387837172;0.8422735929;10.25085258;16.71119715;-0.1481347084;0.1269071549;-0.02031125315;5
16.70530616;-1.421336651;0.8566305041;10.25563812;16.71329882;-0.1481347084;0.1146898642;-0.01175914705;5
16.70740783;-1.421336651;0.8614161611;10.26999474;16.71540043;-0.1517999023;0.1012508348;-0.0007635809598;5
16.7095095;-1.416550994;0.8805587292;10.27478027;16.7175021;-0.1530216336;0.08659008145;0.009010255337;5
16.71161111;-1.421336651;0.8853443861;10.27478027;16.71960377;-0.1566868126;0.0743727833;0.0175623633;5
16.71371278;-1.426122308;0.8997012973;10.27478027;16.72170538;-0.1640172005;0.0621554926;0.02733619884;5
16.71581439;-1.445264935;0.8997012973;10.26042366;16.72380705;-0.1664606482;0.04871646687;0.03711003438;5
16.71791606;-1.435693622;0.890130043;10.24606609;16.72590866;-0.1713475734;0.03894263133;0.04444041103;5
16.72001772;-1.421336651;0.890130043;10.24606609;16.72801033;-0.1725693047;0.02672533318;0.05177079141;5
16.72211934;-1.387837172;0.8949156404;10.2652092;16.73011194;-0.1786779463;0.01695149764;0.05665770918;5
16.72422101;-1.335195065;0.890130043;10.27478027;16.73221361;-0.1835648715;0.009621120058;0.06032289565;5
16.72632262;-1.268195987;0.8757730722;10.31785107;16.73431528;-0.1872300506;-0.001374445739;0.06276635826;5
16.72842429;-1.210768223;0.8470591903;10.31306553;16.73641689;-0.1896735132;-0.01237001177;0.06398808211;5
16.7305259;-1.162911773;0.8327022791;10.31785107;16.73851856;-0.1908952445;-0.0209221188;0.06520981342;5
16.73262757;-1.076770186;0.7800601721;10.35135078;16.74062017;-0.1908952445;-0.02825249545;0.06276635826;5
16.73472924;-1.014556766;0.7369893789;10.40877819;16.74272184;-0.1908952445;-0.03558287397;0.06154462695;5
16.73683085;-0.9332008362;0.6556333899;10.4279213;16.74482351;-0.1860083193;-0.04291325063;0.05910116807;5
16.73893252;-0.8709874153;0.6221339107;10.47099209;16.74692512;-0.1847866029;-0.0490218997;0.0542142503;5
16.74103413;-0.8039883971;0.5647061467;10.52363396;16.74902679;-0.177456215;-0.05390881747;0.04810560122;5
16.7431358;-0.7657032609;0.5264210105;10.58106136;16.7511284;-0.173791036;-0.05635227636;0.04321868345;5
16.74523746;-0.7465606928;0.4737788737;10.63370419;16.75323007;-0.1664606482;-0.05635227636;0.03711003438;5
16.74733908;-0.6987041831;0.4259224236;10.66241741;16.75533168;-0.1591302752;-0.05390881747;0.03100138716;5
16.74944074;-0.6747759581;0.3972085714;10.69591713;16.75743335;-0.1493564397;-0.05146535859;0.02367101051;5
16.75154236;-0.6173482537;0.3876372576;10.72941685;16.75953496;-0.1383608729;-0.0478001684;0.01634063199;5
16.75364403;-0.5886343718;0.3637090325;10.79641533;16.76163663;-0.1298087686;-0.04046979174;0.01023198478;5
16.75574564;-0.5790630579;0.3637090325;10.80120182;16.76373825;-0.1163697392;-0.03436114267;0.004123337101;5
16.75784731;-0.5455635786;0.3493520916;10.85384369;16.76583991;-0.1053741723;-0.03069595434;-0.001985310577;5
16.75994892;-0.5551348329;0.3397808075;10.81555843;16.76794158;-0.09437860548;-0.02825249545;-0.008093958721;5
16.76205059;-0.5503492355;0.3541377485;10.83470058;16.77004319;-0.08216131479;-0.0209221188;-0.01420260593;5
16.7641522;-0.5503492355;0.3541377485;10.82034397;16.77214486;-0.07238747925;-0.01725693047;-0.02031125315;5
16.76625387;-0.5359922647;0.3349951804;10.79641533;16.77424647;-0.06139190868;-0.01359174121;-0.02519817278;5
16.76835554;-0.5264210105;0.3349951804;10.78205872;16.77634809;-0.05650499091;-0.009926552884;-0.02764163166;5
16.77045715;-0.5216353536;0.3302095234;10.748559;16.77844976;-0.04795288667;-0.006261364091;-0.03130681813;5
16.77255882;-0.4977070987;0.3397808075;10.69591713;16.78055142;-0.04062250629;-0.001374445739;-0.03252854943;5
16.77466043;-0.5024927258;0.3684946895;10.63848972;16.78265304;-0.03695731983;0.002290742937;-0.03497200832;5
16.77676205;-0.4833501875;0.3924229145;10.61456108;16.7847547;-0.03207040206;0.008399390616;-0.0374154672;5
16.77886371;-0.4785645306;0.4163511395;10.53320503;16.78685632;-0.02718348242;0.0157297682;-0.03985892609;5
16.78096538;-0.4737788737;0.4259224236;10.45184898;16.78895798;-0.0235182941;0.02061668597;-0.03985892609;5
16.783067;-0.4594219327;0.4307080805;10.40877819;16.7910596;-0.02229656465;0.02672533318;-0.04230238497;5
16.78516866;-0.4689932466;0.4354937077;10.31785107;16.79316127;-0.02107483521;0.03161225095;-0.04474584386;5
16.78727028;-0.4642075896;0.4689932466;10.25563812;16.79526293;-0.02107483521;0.03649916872;-0.04596757516;5
16.78937194;-0.4498506486;0.4833501875;10.21735287;16.7973646;-0.01985310577;0.0426078178;-0.04963276163;5
16.79147356;-0.4594219327;0.4833501875;10.18385315;16.79946621;-0.01863137633;0.05238165334;-0.05207622424;5
16.79357522;-0.4642075896;0.4929214716;10.12642574;16.80156783;-0.01496618707;0.0621554926;-0.05451968312;5
16.79567689;-0.4498506486;0.4881358147;10.09771156;16.8036695;-0.01374445762;0.07070759684;-0.0557414107;5
16.79777856;-0.4402793646;0.4881358147;10.08814049;16.80577111;-0.0100792693;0.07559451461;-0.05451968312;5
16.79988017;-0.4498506486;0.5168496966;10.07378292;16.80787278;-0.01130099874;0.08170316368;-0.05207622424;5
16.80198179;-0.4642075896;0.5359922647;10.08814049;16.80997444;-0.006414080039;0.08536835015;-0.05085449293;5
16.80408345;-0.4881358147;0.5551348329;10.05464077;16.81207606;-0.003970621154;0.09392046183;-0.04963276163;5
16.80618507;-0.5072783828;0.5982056856;10.06421185;16.81417772;-0.002748891478;0.0975856483;-0.04718930274;5
16.80828674;-0.5072783828;0.626919508;10.06421185;16.81627934;0.0009162971983;0.1036942974;-0.04474584386;5
16.8103884;-0.5264210105;0.626919508;10.07378292;16.81838101;0.0033597562;0.1073594838;-0.04352411628;5
16.81249002;-0.5407779217;0.6317051649;10.05464077;16.82048262;0.005803215317;0.1134681329;-0.04352411628;5
16.81459168;-0.5264210105;0.6317051649;10.04985523;16.82258429;0.008246674202;0.1171333194;-0.04108065739;5
16.8166933;-0.5312066078;0.6125625968;10.05942631;16.82468595;0.009468403645;0.1183550507;-0.04108065739;5
16.81879496;-0.5407779217;0.6029912829;10.05464077;16.82678757;0.01435532235;0.1207985133;-0.04108065739;5
16.82089658;-0.5599204898;0.5982056856;10.08814049;16.82888918;0.01557705179;0.1244636998;-0.03985892609;5
16.82299824;-0.5647061467;0.5934200287;10.06421185;16.83099085;0.021685699;0.1269071549;-0.03863719851;5
16.82509991;-0.5886343718;0.5742774606;10.09292603;16.83309246;0.02412915789;0.1244636998;-0.03619373962;5
16.82720153;-0.6221339107;0.5694918036;10.12642574;16.83519413;0.02901607752;0.1207985133;-0.03497200832;5
16.82930314;-0.6652047038;0.6029912829;10.15513897;16.8372958;0.03268126398;0.1146898642;-0.03375028074;5
16.83140481;-0.70348984;0.6173482537;10.2029953;16.83939746;0.03390299529;0.1036942974;-0.03130681813;5
16.83350642;-0.732203722;0.6317051649;10.21256733;16.84149908;0.03512472659;0.09147699922;-0.03130681813;5
16.83560809;-0.7657032609;0.6364908218;10.19820976;16.84360074;0.03268126398;0.0743727833;-0.03008509055;5
16.83770976;-0.7896314859;0.6460621357;10.15513897;16.84570236;0.0314595364;0.05971203372;-0.03130681813;5
16.83981142;-0.7944171429;0.6412764788;10.09292603;16.84780403;0.02657261863;0.04505127668;-0.03130681813;5
16.84191304;-0.7992027402;0.6221339107;10.03549862;16.84990564;0.02290742844;0.03161225095;-0.03252854943;5
16.8440147;-0.7896314859;0.6317051649;9.95414257;16.85200726;0.01924224012;0.02183841541;-0.03252854943;5
16.84611632;-0.784845829;0.6317051649;9.930213928;16.85410892;0.01679878123;0.01328630932;-0.03375028074;5
16.84821798;-0.756131947;0.6460621357;9.87757206;16.85621059;0.01191186346;0.00351247238;-0.03375028074;5
16.8503196;-0.7417750359;0.6604190469;9.834501266;16.8583122;0.009468403645;-0.001374445739;-0.03497200832;5
16.85242121;-0.7226324677;0.6699903607;9.796216011;16.86041387;0.004581485875;-0.003817904973;-0.03375028074;5
16.85452288;-0.7417750359;0.6604190469;9.810572624;16.86251548;0.002138026757;-0.008704823442;-0.03130681813;5
16.85662455;-0.7417750359;0.6891329288;9.796216011;16.86461715;0.0009162971983;-0.009926552884;-0.03008509055;5
16.85872616;-0.7657032609;0.70348984;9.781859398;16.86671882;-0.0003054323897;-0.01114828233;-0.02764163166;5
16.86082783;-0.7800601721;0.7226324677;9.772287369;16.86882043;0.0009162971983;-0.008704823442;-0.02519817278;5
16.86292944;-0.7896314859;0.7513462901;9.810572624;16.8709221;0.0033597562;-0.009926552884;-0.02275471389;5
16.86503111;-0.8183453679;0.7657032609;9.810572624;16.87302371;0.005803215317;-0.01114828233;-0.02031125315;5
16.86713278;-0.813559711;0.7800601721;9.839286804;16.87512538;0.005803215317;-0.008704823442;-0.01542433538;5
16.86923439;-0.8039883971;0.7992027402;9.834501266;16.87722705;0.008246674202;-0.007483093534;-0.01175914705;5
16.87133606;-0.813559711;0.813559711;9.839286804;16.87932866;0.0131335929;-0.005039634649;-0.006872228812;5
16.87343767;-0.8087740541;0.813559711;9.829715729;16.88143033;0.01191186346;-0.002596175298;-0.003207040019;5
16.87553934;-0.8183453679;0.7992027402;9.805787086;16.88353194;0.01435532235;0.002290742937;0.0016798781;5
16.87764101;-0.8279166222;0.813559711;9.743574142;16.88563356;0.0131335929;0.005955931731;0.006566796452;5
16.87974262;-0.813559711;0.7896314859;9.7196455;16.88773522;0.0131335929;0.009621120058;0.01145371422;5
16.88184429;-0.7992027402;0.7944171429;9.7196455;16.88983689;0.01191186346;0.01450803876;0.01389717404;5
16.8839459;-0.784845829;0.784845829;9.705288887;16.89193851;0.01069013402;0.01939495653;0.0175623633;5
16.88604752;-0.7274180651;0.784845829;9.69093132;16.89404017;0.01069013402;0.02672533318;0.01878409274;5
16.88814918;-0.708275497;0.760917604;9.69093132;16.89614184;0.01191186346;0.02916879393;0.02367101051;5
16.89025085;-0.6939185858;0.7657032609;9.671789169;16.89824345;0.009468403645;0.03405570984;0.02733619884;5
16.89235246;-0.6604190469;0.7657032609;9.676574707;16.90034507;0.008246674202;0.03405570984;0.03344484791;5
16.89445413;-0.6412764788;0.7657032609;9.671789169;16.90244674;0.005803215317;0.03649916872;0.03955349326;5
16.8965558;-0.6317051649;0.7657032609;9.686145782;16.9045484;0.0033597562;0.03772090003;0.04688387364;5
16.89865741;-0.6173482537;0.7657032609;9.710074425;16.90665002;0.0033597562;0.03772090003;0.05543597788;5
16.90075903;-0.6364908218;0.7944171429;9.729216576;16.90875168;0.0009162971983;0.03649916872;0.06398808211;5
16.90286069;-0.6652047038;0.7992027402;9.714859962;16.91085335;-0.0003054323897;0.03527744114;0.07131846249;5
16.90496236;-0.70348984;0.7896314859;9.777072906;16.91295496;-0.002748891478;0.03039052337;0.07498364896;5
16.90706397;-0.7130611539;0.760917604;9.786644936;16.91505658;-0.003970621154;0.02550360374;0.07987056673;5
16.90916564;-0.70348984;0.7417750359;9.810572624;16.91715824;-0.005192350596;0.02183841541;0.0847574845;5
16.91126731;-0.679561615;0.7226324677;9.810572624;16.91925986;-0.007635809947;0.0157297682;0.0847574845;5
16.91336892;-0.6317051649;0.679561615;9.858428955;16.92136153;-0.0100792693;0.007177661173;0.0859792158;5
16.91547054;-0.5886343718;0.6364908218;9.901499748;16.92346319;-0.01130099874;-0.001374445739;0.0859792158;5
16.9175722;-0.5503492355;0.5934200287;9.920642853;16.92556481;-0.01496618707;-0.01603520103;0.08231402934;5
16.91967382;-0.5072783828;0.5551348329;9.925428391;16.92766642;-0.01740964688;-0.02703076601;0.07987056673;5
16.92177548;-0.4737788737;0.5168496966;9.944570541;16.92976809;-0.02107483521;-0.04291325063;0.07620538026;5
16.92387715;-0.4307080805;0.4785645306;9.949356079;16.93186976;-0.02596175298;-0.05635227636;0.0725401938;5
16.92597877;-0.4115654826;0.4594219327;9.973284721;16.93397137;-0.02962694131;-0.06979130208;0.07009673119;5
16.92808038;-0.3924229145;0.4259224236;9.963713646;16.93607304;-0.03084867075;-0.0856737867;0.06520981342;5
16.93018205;-0.3684946895;0.3924229145;9.973284721;16.9381747;-0.03207040206;-0.0978910774;0.06398808211;5
16.93228371;-0.3541377485;0.3924229145;9.982855797;16.94027632;-0.03451386094;-0.1064431891;0.05910116807;5
16.93438533;-0.3349951804;0.3780659735;9.992427826;16.94237798;-0.03207040206;-0.1198822111;0.0542142503;5
16.936487;-0.2967100143;0.3541377485;10.03549862;16.9444796;-0.03207040206;-0.1296560466;0.04932733253;5
16.93858866;-0.2632105052;0.3349951804;10.03071213;16.94658127;-0.02962694131;-0.1369864196;0.04321868345;5
16.94069028;-0.2009970993;0.3349951804;10.04985523;16.94868288;-0.02718348242;-0.1430950761;0.0358883068;5
16.94279194;-0.1627119333;0.3110669553;10.06421185;16.95078455;-0.02229656465;-0.1479819864;0.03100138716;5
16.94489356;-0.1148554832;0.3062812984;10.09292603;16.95288621;-0.01863137633;-0.1516471803;0.02367101051;5
16.94699522;-0.06699903309;0.2967100143;10.06421185;16.95498783;-0.01252272818;-0.1516471803;0.01878409274;5
16.94909684;-0.03349951655;0.2919243574;10.05942631;16.9570895;-0.008857538924;-0.1492037177;0.01389717404;5
16.95119851;-0.0239282269;0.3062812984;10.04985523;16.95919111;-0.002748891478;-0.1443168074;0.007788525894;5
16.95330017;0.0143569354;0.3014956415;10.04506969;16.96129278;0.002138026757;-0.1357647032;0.005345067009;5
16.95540179;0.009571290575;0.3062812984;10.02592659;16.96339439;0.008246674202;-0.1284343153;0.0004581485991;5
16.95750345;0.004785645287;0.3254238665;10.0019989;16.96549606;0.01435532235;-0.1186604798;-0.0007635809598;5
16.95960507;0.004785645287;0.3445664644;9.949356079;16.96759767;0.01924224012;-0.1064431891;-0.004428769462;5
16.96170674;0.0;0.3828516304;9.939785004;16.96969934;0.02657261863;-0.09056070447;-0.006872228812;5
16.96380835;-0.009571290575;0.3972085714;9.901499748;16.97180095;0.0314595364;-0.07223475724;-0.006872228812;5
16.96591002;-0.009571290575;0.3972085714;9.858428955;16.97390262;0.03878991306;-0.05757400393;-0.009315688163;5
16.96801163;-0.01914258115;0.4307080805;9.824930191;16.97600424;0.04367683083;-0.03802633286;-0.01175914705;5
16.9701133;0.0;0.4354937077;9.772287369;16.9781059;0.05100720748;-0.02336557768;-0.01175914705;5
16.97221491;0.0;0.4498506486;9.743574142;16.98020757;0.05589412898;-0.006261364091;-0.01542433538;5
16.97431658;0.004785645287;0.4307080805;9.710074425;16.98230918;0.06078104675;0.005955931731;-0.01664606482;5
16.97641819;0.0143569354;0.4354937077;9.681360245;16.98441085;0.06444623321;0.02183841541;-0.0190895237;5
16.97851986;0.009571290575;0.4402793646;9.643074989;16.98651246;0.06933315098;0.03527744114;-0.0190895237;5
16.98062153;0.0;0.4354937077;9.623932838;16.98861413;0.07299833745;0.04871646687;-0.01664606482;5
16.98272314;-0.0143569354;0.4498506486;9.609575272;16.99071575;0.07788526267;0.05971203372;-0.01786779426;5
16.98482481;-0.01914258115;0.4833501875;9.576076508;16.99281741;0.08032871783;0.07070759684;-0.0190895237;5
16.98692642;-0.0143569354;0.4929214716;9.523433685;16.99491903;0.08399390429;0.08659008145;-0.01786779426;5
16.98902809;0.004785645287;0.5072783828;9.509077072;16.99702069;0.0852156356;0.0988073796;-0.02153298259;5
16.9911297;0.04785645381;0.5264210105;9.451649666;16.99912236;0.0864373669;0.1085812151;-0.02275471389;5
16.99323137;0.06699903309;0.5216353536;9.427721024;17.00122397;0.08765909821;0.1159115955;-0.02519817278;5
16.99533298;0.07178468257;0.5264210105;9.422935486;17.00332564;0.0864373669;0.119576782;-0.02764163166;5
16.99743465;0.0765703246;0.5168496966;9.422935486;17.00542726;0.0864373669;0.1256854236;-0.03375028074;5
16.99953632;0.08614161611;0.5264210105;9.427721024;17.00752892;0.08399390429;0.1281288862;-0.03863719851;5
17.00163793;0.0765703246;0.5168496966;9.399007797;17.00963054;0.08399390429;0.1305723488;-0.04474584386;5
17.0037396;0.09092725813;0.5024927258;9.36550808;17.0117322;0.08399390429;0.1305723488;-0.05085449293;5
